1.516415096712528623e+02 3.648990114948311003e+01 6.097974360909189784e+01
1.542094725457152151e+02 4.022223759337978066e+01 6.601056836951144646e+01
1.552252433533717237e+02 4.097294396793856208e+01 6.705217110613644138e+01
1.953442454578229501e+02 6.308653402755070516e+01 9.608163342304500532e+01
1.956193710122326479e+02 6.306492776953324864e+01 9.616456640759278685e+01
1.948048226308155506e+02 6.345800739492416653e+01 9.615551978267977518e+01
1.947928331279187830e+02 6.366291051471019813e+01 9.617086299268054006e+01
1.937860502553009496e+02 6.326975962304332057e+01 9.499446638327842152e+01
1.921745604547626840e+02 6.297526221797419055e+01 9.345069212130358949e+01
1.923324194481475047e+02 6.271236511809241421e+01 9.299430289005709938e+01
1.921269503902876750e+02 6.266120850835492462e+01 9.294327204433601253e+01
1.918454527923803710e+02 6.267349565275716827e+01 9.263481064131264020e+01
1.865136034744405720e+02 6.175930444114663231e+01 9.065527663891474219e+01
1.862921959235690110e+02 6.170657158907027195e+01 9.080905668603432446e+01
1.860395527831576885e+02 6.146405245197910716e+01 9.038279212884943092e+01
1.731113304994508439e+02 6.299868366996168589e+01 9.010528544239588200e+01
1.704220053491628448e+02 6.366429811102447189e+01 9.008479429199050514e+01
1.687347846500825881e+02 6.417599835668352171e+01 9.031601562827511032e+01
1.706291302999052562e+02 6.355699206009843039e+01 9.011245818346455394e+01
1.696122737295738148e+02 6.368950960417871698e+01 9.043274140402948547e+01
1.696849862917222254e+02 6.364857341684064096e+01 9.046830327573341890e+01
1.715318518332201450e+02 6.238287177939314887e+01 8.968190926545430841e+01
1.716912786846760639e+02 6.283119115292065970e+01 8.992354386229678198e+01
1.756803204467137789e+02 6.163336435512404421e+01 8.934043061599214752e+01
1.784561418953475709e+02 6.026346303795558157e+01 8.836588525291143981e+01
1.803849468856637372e+02 5.972766640675436634e+01 8.790845218032883679e+01
1.799271658659691013e+02 5.969809509436493045e+01 8.757161003093794704e+01
1.822655926419666059e+02 5.956138960853854059e+01 8.786167215836205457e+01
1.820057683762188674e+02 5.944121789873481276e+01 8.746412791038895307e+01
1.837868593371397878e+02 5.950609955479538371e+01 8.781881178157306067e+01
1.863648162587720378e+02 5.869843046507533302e+01 8.703577986266569155e+01
1.872676887089066042e+02 5.880761039984572847e+01 8.741587644943028579e+01
1.879752915629113659e+02 5.868030787031214857e+01 8.724281258646276171e+01
1.910823041644657962e+02 5.797236964559699857e+01 8.727669760461469650e+01
1.903095807027693240e+02 5.814573534220389206e+01 8.725678916081864145e+01
1.895292862472855973e+02 5.864010530640306484e+01 8.779540709812108901e+01
1.904743651013238832e+02 5.860199880943397943e+01 8.796676895473333957e+01
1.909608496616947946e+02 5.857720652966773400e+01 8.808898642587050176e+01
1.917716544675570844e+02 5.846147009750903578e+01 8.794347326676225407e+01
1.922248995983935629e+02 5.833163551911194133e+01 8.829397758046800959e+01
1.923106622733103563e+02 5.820442102438983767e+01 8.820231238104820193e+01
1.928103688239387736e+02 5.798809853191471575e+01 8.796177612328227724e+01
1.923478087716209188e+02 5.767222543619153186e+01 8.727157900914723143e+01
1.916449933345071202e+02 5.790865759488895037e+01 8.762853082476041777e+01
1.906374474935231547e+02 5.803047681330750862e+01 8.745405840480921711e+01
1.895335957609142099e+02 5.808772040143873738e+01 8.752215123542185893e+01
1.890353941863487250e+02 5.815872676509796690e+01 8.746100477064835843e+01
1.893481064131264020e+02 5.803673986132421447e+01 8.753064869079659616e+01
1.893911218988689598e+02 5.802130023224421507e+01 8.750389868450838549e+01
1.893247436510132502e+02 5.797597068859990799e+01 8.769272077873078786e+01
1.906998851355317015e+02 5.783609175742636666e+01 8.783421787358200561e+01
1.908753720518818398e+02 5.760192335102414063e+01 8.776460329837094321e+01
1.913494143588969791e+02 5.743100586060316459e+01 8.783641035960124555e+01
1.913162965012450627e+02 5.759869121580266693e+01 8.803344903622841855e+01
1.896425786653922501e+02 5.805572603566667311e+01 8.791728081428009034e+01
1.887406871745856165e+02 5.808328093165983574e+01 8.817437180873808700e+01
1.883628249951790394e+02 5.786216263802600679e+01 8.802996118084027444e+01
1.861044637841553993e+02 5.767007487151109757e+01 8.754382875971526801e+01
1.860199042516621830e+02 5.744307082190977098e+01 8.720195604966839653e+01
1.847315273620578466e+02 5.741750718950960675e+01 8.691979190247420206e+01
1.829589632014487961e+02 5.698168875921221144e+01 8.554498159653226708e+01
1.840286825800068868e+02 5.695501421133385378e+01 8.591796413210252581e+01
1.843938719386942466e+02 5.679645513159108106e+01 8.567936044805526308e+01
1.848952050372680560e+02 5.685710692456674309e+01 8.611362778881706959e+01
1.840915981252777271e+02 5.687832750626724021e+01 8.597353086668175592e+01
1.816134391427924584e+02 5.742714490529969851e+01 8.654957617526473257e+01
1.800811471355149251e+02 5.890101114269184990e+01 8.759833488442286864e+01
1.804388786880297744e+02 5.846595148862674307e+01 8.740636868979048302e+01
1.796997132580426069e+02 5.902012224262394113e+01 8.752762197013524315e+01
1.801362988488400276e+02 5.881197021908091926e+01 8.738712679528133265e+01
1.797839709568964679e+02 5.840276764678756649e+01 8.701805552062110394e+01
1.784690578598318211e+02 5.785793277494109788e+01 8.599052158529734413e+01
1.791675931282541399e+02 5.771220162487109206e+01 8.583062521484686158e+01
1.778528812536157204e+02 5.773204299452507371e+01 8.546157909298990774e+01
1.781630656236637549e+02 5.757704303644641186e+01 8.522213279003278785e+01
1.787190683401665012e+02 5.774870672669802474e+01 8.530181267868969996e+01
1.799687686025940820e+02 5.758534765366266583e+01 8.521739567874840304e+01
1.792323909416371066e+02 5.764869918085703659e+01 8.494135623915285294e+01
1.794016190021044395e+02 5.738556732147797845e+01 8.486661468420655297e+01
1.800326609150589832e+02 5.695161858289106505e+01 8.459418886401556392e+01
1.799273419355920680e+02 5.636360892421460278e+01 8.405700463650006782e+01
1.827276705988882384e+02 5.557892111242464495e+01 8.393264079281635759e+01
1.829831518139363311e+02 5.573589975769466065e+01 8.370450067493355562e+01
1.834548884473174439e+02 5.544677247612579407e+01 8.354459172808142853e+01
1.818277116818002810e+02 5.570195604966840364e+01 8.343899606777841882e+01
1.823840078476746100e+02 5.501094146942676844e+01 8.323028649042936422e+01
1.827519640147227733e+02 5.468674279581792774e+01 8.332924181066645986e+01
1.812532132706189998e+02 5.541998893276655735e+01 8.366933705594821902e+01
1.813881496759480569e+02 5.525798811110831821e+01 8.357378574842165619e+01
1.820088705552900592e+02 5.539199386271599934e+01 8.394685212666951202e+01
1.804184713803020088e+02 5.670005701302076773e+01 8.456200166008501640e+01
1.800412505973790758e+02 5.646061909433139903e+01 8.426840975593395910e+01
1.808925136873171198e+02 5.613940102791122655e+01 8.399781589824853256e+01
1.802747231095572147e+02 5.649890166092344401e+01 8.428732466400046519e+01
1.803633825489850722e+02 5.597945015972030092e+01 8.391143697965138415e+01
1.794403501270216452e+02 5.599874235983600101e+01 8.385415985444910802e+01
1.778598108509193310e+02 5.725002724887021799e+01 8.451880172045174788e+01
1.780700505571345786e+02 5.737059721139254265e+01 8.492918228236537459e+01
1.776114478791994600e+02 5.751174216699784836e+01 8.494792950507667229e+01
1.775945242347259523e+02 5.729367155469476813e+01 8.485003060257731988e+01
1.781432200618758941e+02 5.746581734034258204e+01 8.488198723914446475e+01
1.788404515766615646e+02 5.738654408867201795e+01 8.500208768267224002e+01
1.809981009633523570e+02 5.581404532535150764e+01 8.374168071031516547e+01
1.812068566541741177e+02 5.615795541246405520e+01 8.420834486170150512e+01
1.808816979819067399e+02 5.651985813818949822e+01 8.432332670976180111e+01
1.814873691006195884e+02 5.618687275196820963e+01 8.401750635108282950e+01
1.802824114830931137e+02 5.636146255166804764e+01 8.383839743106035769e+01
1.794657670347360181e+02 5.639303351191823310e+01 8.385484317227154349e+01
1.809839734721768139e+02 5.622341558300006170e+01 8.398606115484903967e+01
1.810525987037921993e+02 5.577315525148610931e+01 8.365802667874001486e+01
