1.898625831777490589e+02 1.133435061515630196e+02 1.098119823830724329e+02
1.877100866484752828e+02 1.099418832878548500e+02 1.079314950452391173e+02
1.794767341663076365e+02 1.030198429795586179e+02 1.029517449375269251e+02
1.698748863037962451e+02 9.724220881803820760e+01 9.967281822969026450e+01
1.625812389295801665e+02 9.391337546076881893e+01 9.760522284455933573e+01
1.588206711666427395e+02 9.274546411987169847e+01 9.816398582986261090e+01
1.545374599071281523e+02 9.156785868160275754e+01 9.798357987457514184e+01
1.514598831921106807e+02 9.058456603954233799e+01 9.810740102446263222e+01
1.489759442768921360e+02 8.976798793623437689e+01 9.742548709847288535e+01
1.502157355545981261e+02 9.072040308296232070e+01 9.926748527933362709e+01
1.502967829958351160e+02 9.124117956819378605e+01 9.971085260184786137e+01
1.510133563119345013e+02 9.168466657092250216e+01 1.004735267365599185e+02
1.498674182584135224e+02 9.156785868160275754e+01 1.000095504811144593e+02
1.495144094978218163e+02 9.136579060749676273e+01 1.011465364545933312e+02
1.489468141126909018e+02 9.138800325530183954e+01 1.010401168078893193e+02
1.491759299152664084e+02 9.170441380630954598e+01 1.014905691991000083e+02
1.465492125041888016e+02 9.077576715017472964e+01 1.002885729331226941e+02
1.462192541529034315e+02 9.082057542247115123e+01 1.010560821484992147e+02
1.446282493178227639e+02 9.037967351237493574e+01 1.004096175020345640e+02
1.426273636842357178e+02 8.973632055148642905e+01 1.004716118531284366e+02
1.391830867920915296e+02 8.874587103260088838e+01 9.926006510603666300e+01
1.369669443247642278e+02 8.833826415816936617e+01 9.952838814687156344e+01
1.347632485997415017e+02 8.807819905213270317e+01 9.985951936425870201e+01
1.313254105031356289e+02 8.757867777299057366e+01 9.926212360572550608e+01
1.286275551725788659e+02 8.731748767293791502e+01 9.925415290344200514e+01
1.264241706161137415e+02 8.702750251328450304e+01 9.987160706591986070e+01
1.236625736033318930e+02 8.649471013452055956e+01 9.929204365934224086e+01
1.237707166451242244e+02 8.698982718177030904e+01 1.006250179520321666e+02
1.234190004308487687e+02 8.745497630331753669e+01 1.006488582507539888e+02
1.259674948537507788e+02 8.894262530518454923e+01 1.018338120541911991e+02
1.277380918186605356e+02 9.025999329790799663e+01 1.015816458423093565e+02
1.305494758006606446e+02 9.120491646321029577e+01 1.029501172866101797e+02
1.317873043228493373e+02 9.181193451098664582e+01 1.028841256163531028e+02
1.330307099430322069e+02 9.232430944516252680e+01 1.034771889511225993e+02
1.330274546411987160e+02 9.233735458853942646e+01 1.027047728469529488e+02
1.341241801905308932e+02 9.293089664416679341e+01 1.036310258987984128e+02
1.336086217626501877e+02 9.269953085355929545e+01 1.033829288142084408e+02
1.335741299248408325e+02 9.278170328881229523e+01 1.037531954617262642e+02
1.340081143185408621e+02 9.295203217004164742e+01 1.032086983579874584e+02
1.375587151132174881e+02 9.442436210445688971e+01 1.047014457369907632e+02
1.410285556991718181e+02 9.614770932069509968e+01 1.054065058164584201e+02
1.452268897505864231e+02 9.817411077600651481e+01 1.066342333285461308e+02
1.473820192445784869e+02 9.964622528603571538e+01 1.067065201780841619e+02
1.509523912106850503e+02 1.012489587821341388e+02 1.083078653836947609e+02
1.536588874527263044e+02 1.026704006893580328e+02 1.087964957633204079e+02
1.560347551342811983e+02 1.042168366125712140e+02 1.099083728278041008e+02
1.565930872708123900e+02 1.048848915697256956e+02 1.095646033797692525e+02
1.590762123605725549e+02 1.061504380295849472e+02 1.110070132605677600e+02
1.609049978457561281e+02 1.071624778591603189e+02 1.113236871080472952e+02
1.640020345636459353e+02 1.086453875245344420e+02 1.124891330365263968e+02
1.658239982766049252e+02 1.100151275791086221e+02 1.124901383503279249e+02
1.675646033797692667e+02 1.107031212599932957e+02 1.133646895495236748e+02
1.682307434534922663e+02 1.111170711857915592e+02 1.133135860979462848e+02
1.692191584087318574e+02 1.115570156541720479e+02 1.136688209105270744e+02
1.685212312700464281e+02 1.113034850878452744e+02 1.128020249892287836e+02
1.702238020010531727e+02 1.120244626358370397e+02 1.139095696299487770e+02
1.700642922112116366e+02 1.119185217099908982e+02 1.135359758724687680e+02
1.708207429747714059e+02 1.122902723921681201e+02 1.139446838048733781e+02
1.737921154674709214e+02 1.144492555890660128e+02 1.145595768107616408e+02
1.800665900713294150e+02 1.179795586193690440e+02 1.167142515199387276e+02
1.851970415050983831e+02 1.205392551103451524e+02 1.167104935612044585e+02
1.930295370769304384e+02 1.251910335583321370e+02 1.200099813298865428e+02
1.959065776245871007e+02 1.276380391593661727e+02 1.207046292306955877e+02
1.970979702235626405e+02 1.288336205658480651e+02 1.218732586528794997e+02
1.969019100962229061e+02 1.296864378380965945e+02 1.220016276509167454e+02
1.983273971946957772e+02 1.308228014744602490e+02 1.241304274977260746e+02
1.983138493944181278e+02 1.319460481593183090e+02 1.250386806453157220e+02
1.985201062760304467e+02 1.322339269471970908e+02 1.258214131839724246e+02
1.979088276126190920e+02 1.323850591220259503e+02 1.255750155584278787e+02
1.982479774043755185e+02 1.322020202020202078e+02 1.262786155392790448e+02
1.978626310498348460e+02 1.316656134807793705e+02 1.255365982095839854e+02
1.978508784527741966e+02 1.313596151084302619e+02 1.254038010436114661e+02
1.971090526114222712e+02 1.309371200153190671e+02 1.245809516970654443e+02
