2.114730094069900019e+02 0.000000000000000000e+00 3.248718401339760220e+01
2.111075172939250706e+02 0.000000000000000000e+00 3.233952067350125503e+01
2.105268910162114082e+02 0.000000000000000000e+00 3.233797270690474335e+01
2.099159541644978617e+02 0.000000000000000000e+00 3.213163751027828852e+01
2.099435233590573375e+02 0.000000000000000000e+00 3.227244362972518132e+01
2.099084813783842947e+02 0.000000000000000000e+00 3.223109511847376041e+01
2.102302381545100047e+02 0.000000000000000000e+00 3.228818883381990190e+01
2.104243465272591607e+02 0.000000000000000000e+00 3.225521986104510574e+01
2.105424883638475819e+02 0.000000000000000000e+00 3.229560127035855288e+01
2.107493244619458324e+02 0.000000000000000000e+00 3.232249002346089384e+01
2.109415559629151744e+02 0.000000000000000000e+00 3.231632531438356892e+01
2.111457366797172597e+02 0.000000000000000000e+00 3.234607161985803003e+01
2.114386312716409861e+02 0.000000000000000000e+00 3.230906827800031778e+01
2.121609749473827264e+02 0.000000000000000000e+00 3.262740474196785101e+01
2.124931163766115105e+02 0.000000000000000000e+00 3.270599346715851397e+01
2.127309495251242879e+02 0.000000000000000000e+00 3.264433883268834791e+01
2.129399536817012404e+02 0.000000000000000000e+00 3.265611152601444189e+01
2.133767759748342314e+02 0.000000000000000000e+00 3.279721788459652743e+01
2.136544986836248938e+02 0.000000000000000000e+00 3.274874812350540765e+01
2.140065660337504880e+02 0.000000000000000000e+00 3.278661144680562245e+01
2.138439661740632687e+02 0.000000000000000000e+00 3.276404975822451604e+01
2.121170811928093372e+02 0.000000000000000000e+00 3.257872526610390906e+01
2.101075067327494423e+02 0.000000000000000000e+00 3.230578827860381352e+01
2.088513876630381390e+02 0.000000000000000000e+00 3.205954994304509142e+01
2.081681625817548138e+02 0.000000000000000000e+00 3.188355700394535219e+01
2.080889643258575177e+02 0.000000000000000000e+00 3.193417973612148231e+01
2.080148233643379285e+02 0.000000000000000000e+00 3.182153272832884383e+01
2.079925045827958456e+02 0.000000000000000000e+00 3.182749677506959074e+01
2.081337391842246234e+02 0.000000000000000000e+00 3.177006661084330830e+01
2.084254660118737661e+02 0.000000000000000000e+00 3.175159058848379345e+01
2.086440310498562951e+02 0.000000000000000000e+00 3.182938722550373001e+01
2.087160341276846225e+02 0.000000000000000000e+00 3.180013276906480613e+01
2.089535217748810112e+02 0.000000000000000000e+00 3.180599573026757554e+01
2.093625274401973400e+02 0.000000000000000000e+00 3.182458189060130849e+01
2.097345207112197443e+02 0.000000000000000000e+00 3.200457902399649868e+01
2.101237060673953749e+02 0.000000000000000000e+00 3.205130769985139239e+01
2.104799149070993849e+02 0.000000000000000000e+00 3.210036134307978983e+01
2.110802196724526709e+02 0.000000000000000000e+00 3.233765436289708362e+01
2.114953161186170973e+02 0.000000000000000000e+00 3.243209843015668525e+01
2.118218525810758877e+02 0.000000000000000000e+00 3.250055295298013647e+01
2.121214384321180546e+02 0.000000000000000000e+00 3.270002791167839717e+01
2.123155860320908914e+02 0.000000000000000000e+00 3.260309442445364425e+01
2.117738384592753391e+02 0.000000000000000000e+00 3.256278845210884043e+01
2.097068308175104221e+02 0.000000000000000000e+00 3.234271920097162933e+01
2.075201001802943495e+02 0.000000000000000000e+00 3.180718612563272885e+01
2.069470130732266568e+02 0.000000000000000000e+00 3.182295094333929342e+01
2.066691862614192701e+02 0.000000000000000000e+00 3.183144061979013273e+01
2.065489397334057458e+02 0.000000000000000000e+00 3.184624135303747039e+01
2.062595454168269669e+02 0.000000000000000000e+00 3.179763882288154164e+01
2.064028183251484165e+02 0.000000000000000000e+00 3.169386169386169527e+01
2.066152337414473266e+02 0.000000000000000000e+00 3.176532162551579930e+01
2.069020315175654900e+02 0.000000000000000000e+00 3.178675025082792160e+01
2.072734243103175231e+02 0.000000000000000000e+00 3.188494353542897386e+01
2.073396715474385417e+02 0.000000000000000000e+00 3.193760004827965915e+01
2.076073852792299306e+02 0.000000000000000000e+00 3.194775989921620862e+01
2.076235378429553293e+02 0.000000000000000000e+00 3.202753600229328157e+01
2.076163502085832135e+02 0.000000000000000000e+00 3.190272704641636636e+01
2.088139754528104106e+02 0.000000000000000000e+00 3.205736377969387974e+01
2.096086043406431827e+02 0.000000000000000000e+00 3.223771848432042475e+01
2.103183455164037809e+02 0.000000000000000000e+00 3.223496654370440950e+01
2.108085092900626876e+02 0.000000000000000000e+00 3.233878139120857753e+01
2.112467950603872850e+02 0.000000000000000000e+00 3.229438824390280871e+01
2.115462873695883275e+02 0.000000000000000000e+00 3.230864130475780627e+01
2.116181471171762496e+02 0.000000000000000000e+00 3.233365771229848917e+01
2.103957966521073217e+02 0.000000000000000000e+00 3.214899103054442975e+01
2.080320818340235860e+02 0.000000000000000000e+00 3.191743876404070690e+01
2.053125730795633785e+02 0.000000000000000000e+00 3.125348330202699287e+01
2.037729965827053320e+02 0.000000000000000000e+00 3.096173082580849467e+01
2.039299628095744481e+02 0.000000000000000000e+00 3.103561681037409059e+01
2.040949434599920096e+02 0.000000000000000000e+00 3.115360022932838291e+01
2.043581958494579851e+02 0.000000000000000000e+00 3.120655547257489104e+01
2.050539012228332751e+02 0.000000000000000000e+00 3.122448684002081976e+01
2.057993995217296117e+02 0.000000000000000000e+00 3.130734378889718528e+01
2.062197463809114311e+02 0.000000000000000000e+00 3.149372439857876671e+01
2.065216179721033996e+02 0.000000000000000000e+00 3.157693439246837386e+01
2.067172516803584870e+02 0.000000000000000000e+00 3.157065200171996366e+01
2.070976576821236961e+02 0.000000000000000000e+00 3.168439435429726814e+01
2.076073762267936900e+02 0.000000000000000000e+00 3.176526580215900708e+01
2.079994508188682971e+02 0.000000000000000000e+00 3.184953945730644875e+01
2.085554650311931937e+02 0.000000000000000000e+00 3.195854738573185116e+01
2.088831270132241116e+02 0.000000000000000000e+00 3.194672490400645870e+01
2.094482102579189871e+02 0.000000000000000000e+00 3.202637729045495973e+01
2.100334879791190588e+02 0.000000000000000000e+00 3.216932280233250907e+01
2.102839749247516181e+02 0.000000000000000000e+00 3.209368969757318979e+01
2.104719698855621175e+02 0.000000000000000000e+00 3.222578888209956460e+01
2.102339692669789883e+02 0.000000000000000000e+00 3.210041867517595904e+01
2.083895112438801789e+02 0.000000000000000000e+00 3.197830734529763674e+01
2.060708051387663033e+02 0.000000000000000000e+00 3.136271603261894469e+01
2.054464887862946227e+02 0.000000000000000000e+00 3.119789229109617423e+01
2.054355293034904548e+02 0.000000000000000000e+00 3.149388583369166028e+01
2.054956269189278828e+02 0.000000000000000000e+00 3.150132844501776574e+01
2.057052149576421414e+02 0.000000000000000000e+00 3.160550388123203547e+01
2.059263418350797110e+02 0.000000000000000000e+00 3.145326604355730638e+01
2.066859015849307184e+02 0.000000000000000000e+00 3.174061752702529304e+01
2.069995866054118494e+02 0.000000000000000000e+00 3.179160537412964516e+01
2.072603314700401995e+02 0.000000000000000000e+00 3.179941611786271949e+01
2.074980303407487838e+02 0.000000000000000000e+00 3.174453119695838055e+01
2.078018089785080065e+02 0.000000000000000000e+00 3.177533060251506924e+01
2.081898446752815630e+02 0.000000000000000000e+00 3.184407178581935938e+01
2.086344837471050937e+02 0.000000000000000000e+00 3.193862900853192244e+01
2.090007121249839770e+02 0.000000000000000000e+00 3.186393735714123920e+01
2.096821191753230664e+02 0.000000000000000000e+00 3.214760751653955850e+01
2.100051840284849902e+02 0.000000000000000000e+00 3.208723832801502596e+01
2.103615663732168457e+02 0.000000000000000000e+00 3.230850400947488055e+01
2.105187423148588266e+02 0.000000000000000000e+00 3.216418252728932003e+01
2.108249485142688968e+02 0.000000000000000000e+00 3.218547234857914674e+01
2.107298240055521603e+02 0.000000000000000000e+00 3.211318411900936098e+01
2.093440136993534963e+02 0.000000000000000000e+00 3.205946997985832780e+01
2.069869765617338544e+02 0.000000000000000000e+00 3.152965502674240383e+01
2.060227246324333805e+02 0.000000000000000000e+00 3.150476233583029639e+01
2.058411553926117108e+02 0.000000000000000000e+00 3.139293608225646892e+01
2.060988556211857201e+02 0.000000000000000000e+00 3.161438733865918493e+01
2.062155234194069067e+02 0.000000000000000000e+00 3.160344897820625931e+01
2.064411161653880242e+02 0.000000000000000000e+00 3.171949517580585365e+01
2.066862319988533443e+02 0.000000000000000000e+00 3.169634960508746957e+01
2.069192462338093321e+02 0.000000000000000000e+00 3.182056562639087005e+01
2.069274371798643699e+02 0.000000000000000000e+00 3.174048023174236732e+01
2.072234307224598524e+02 0.000000000000000000e+00 3.172155762252849698e+01
2.076345546578556309e+02 0.000000000000000000e+00 3.175616659500154526e+01
2.083227736664629788e+02 0.000000000000000000e+00 3.187259902988058258e+01
2.091411274809333065e+02 0.000000000000000000e+00 3.195204773651375518e+01
2.096647626375781783e+02 0.000000000000000000e+00 3.224535874050437201e+01
2.099523992727876305e+02 0.000000000000000000e+00 3.218431967169831154e+01
2.101582622339903992e+02 0.000000000000000000e+00 3.222393765888911332e+01
2.103607818287430007e+02 0.000000000000000000e+00 3.210629068881495840e+01
2.106406167726556191e+02 0.000000000000000000e+00 3.209674338606377120e+01
2.106239376588891048e+02 0.000000000000000000e+00 3.218220291035824943e+01
2.100289391299100146e+02 0.000000000000000000e+00 3.221472227879994676e+01
2.076430699828758009e+02 0.000000000000000000e+00 3.161834627077345417e+01
2.058512714901064555e+02 0.000000000000000000e+00 3.141899201122502205e+01
2.052043678004843059e+02 0.000000000000000000e+00 3.133792593598418819e+01
2.052017637163268091e+02 0.000000000000000000e+00 3.157478594760148027e+01
2.051786106019115721e+02 0.000000000000000000e+00 3.143131690316156224e+01
2.053690074758035848e+02 0.000000000000000000e+00 3.162065162453512102e+01
2.056272478330730848e+02 0.000000000000000000e+00 3.154262113291239444e+01
2.061522906435527887e+02 0.000000000000000000e+00 3.166617330889175719e+01
2.064548472024200123e+02 0.000000000000000000e+00 3.165363870218239128e+01
2.067838791198014405e+02 0.000000000000000000e+00 3.178291050912410043e+01
2.069837010885554491e+02 0.000000000000000000e+00 3.179067297319724617e+01
2.072882461659160640e+02 0.000000000000000000e+00 3.192786415310687076e+01
2.074329976388228829e+02 0.000000000000000000e+00 3.182509787946681001e+01
2.080114377531853336e+02 0.000000000000000000e+00 3.195789259284405048e+01
2.083248421481431194e+02 0.000000000000000000e+00 3.212561914892012283e+01
2.085116165388010074e+02 0.000000000000000000e+00 3.202744095171279781e+01
2.086901954571857516e+02 0.000000000000000000e+00 3.187378037280949883e+01
2.093257594616817983e+02 0.000000000000000000e+00 3.211186698953689245e+01
2.094648018648018706e+02 0.000000000000000000e+00 3.207276649995096562e+01
2.092203393154849493e+02 0.000000000000000000e+00 3.203324808955876790e+01
2.072418418690263309e+02 0.000000000000000000e+00 3.174220924706361657e+01
2.054465446096513972e+02 0.000000000000000000e+00 3.150993731187906022e+01
2.043170510180218855e+02 0.000000000000000000e+00 3.131274205837312508e+01
2.043016196317167328e+02 0.000000000000000000e+00 3.138937998355473979e+01
2.044416155581204180e+02 0.000000000000000000e+00 3.136333914197991746e+01
2.046290537941023331e+02 0.000000000000000000e+00 3.148037356386871011e+01
2.047876871779784267e+02 0.000000000000000000e+00 3.151595416449785247e+01
2.051698644397673661e+02 0.000000000000000000e+00 3.151330934437730491e+01
2.054288305006751614e+02 0.000000000000000000e+00 3.156043632742661842e+01
2.057850333054216492e+02 0.000000000000000000e+00 3.159496684545228362e+01
2.060057618756647742e+02 0.000000000000000000e+00 3.168293238584500671e+01
2.061725605570265714e+02 0.000000000000000000e+00 3.174431242974932132e+01
2.066572370455865553e+02 0.000000000000000000e+00 3.190259427735155739e+01
2.070779988080958844e+02 0.000000000000000000e+00 3.189202103182685732e+01
2.074829821742443130e+02 0.000000000000000000e+00 3.200336750628012794e+01
2.078947020616923567e+02 0.000000000000000000e+00 3.212445892834242045e+01
2.080670182029405453e+02 0.000000000000000000e+00 3.208179479635790443e+01
2.085015396685299720e+02 0.000000000000000000e+00 3.207128642662623008e+01
2.087456944350148262e+02 0.000000000000000000e+00 3.222196875400759097e+01
2.084590505503126963e+02 0.000000000000000000e+00 3.203364337927444438e+01
2.065851494783533724e+02 0.000000000000000000e+00 3.178196603827671751e+01
2.046357616493538956e+02 0.000000000000000000e+00 3.132518161450200367e+01
2.039915842517784199e+02 0.000000000000000000e+00 3.125670596932732792e+01
2.038246618537880579e+02 0.000000000000000000e+00 3.126923303233983020e+01
2.037899020073777479e+02 0.000000000000000000e+00 3.132141580102745237e+01
2.038808593779467628e+02 0.000000000000000000e+00 3.133699051757304233e+01
2.042243616146528780e+02 0.000000000000000000e+00 3.143452599180754348e+01
2.046424348035998548e+02 0.000000000000000000e+00 3.146591229698025671e+01
2.050750130128770934e+02 0.000000000000000000e+00 3.159042704867947648e+01
2.053180558384441952e+02 0.000000000000000000e+00 3.153707198949917512e+01
2.055810773907861346e+02 0.000000000000000000e+00 3.154320954126779242e+01
2.057372273896545778e+02 0.000000000000000000e+00 3.159464095774775316e+01
2.061132414511055231e+02 0.000000000000000000e+00 3.157678653600983765e+01
2.066376083463462123e+02 0.000000000000000000e+00 3.183408543991068385e+01
2.070271392038382317e+02 0.000000000000000000e+00 3.180870240870240906e+01
2.074155958388968202e+02 0.000000000000000000e+00 3.194889296248519628e+01
2.076440748032981105e+02 0.000000000000000000e+00 3.191745536017380758e+01
2.080953719419738945e+02 0.000000000000000000e+00 3.193245826449710023e+01
2.082445198814130833e+02 0.000000000000000000e+00 3.192834242348805418e+01
2.083301151922511281e+02 0.000000000000000000e+00 3.208970662562895626e+01
2.070394097811573602e+02 0.000000000000000000e+00 3.183529092266956440e+01
2.048175934098264293e+02 0.000000000000000000e+00 3.149128929323104131e+01
2.038111993723644275e+02 0.000000000000000000e+00 3.131047442309578344e+01
2.036610345425879416e+02 0.000000000000000000e+00 3.130022706527561027e+01
2.036683458935886222e+02 0.000000000000000000e+00 3.111862614192711263e+01
2.038438635797859035e+02 0.000000000000000000e+00 3.129836829836829892e+01
2.041374024034218166e+02 0.000000000000000000e+00 3.137163117357292208e+01
2.045625892985116252e+02 0.000000000000000000e+00 3.147001606807431884e+01
2.048555216089196733e+02 0.000000000000000000e+00 3.144419701118730259e+01
2.051411440770664001e+02 0.000000000000000000e+00 3.146863255406944759e+01
2.051107731534916070e+02 0.000000000000000000e+00 3.141091120314421303e+01
2.048642873846757482e+02 0.000000000000000000e+00 3.157406627892064677e+01
2.045647151122879279e+02 0.000000000000000000e+00 3.134508188682945828e+01
2.047922541320599521e+02 0.000000000000000000e+00 3.148111888111888135e+01
2.051340560194929026e+02 0.000000000000000000e+00 3.157027330813738430e+01
2.052915186216157224e+02 0.000000000000000000e+00 3.159653895187875605e+01
2.053799579061715121e+02 0.000000000000000000e+00 3.152462036345531615e+01
2.059345720083584297e+02 0.000000000000000000e+00 3.165694133266948640e+01
2.061450426596057639e+02 0.000000000000000000e+00 3.164748304554129632e+01
2.062483505706806568e+02 0.000000000000000000e+00 3.158774601881398070e+01
2.055857575003205966e+02 0.000000000000000000e+00 3.168103590045337725e+01
2.035694797112272738e+02 0.000000000000000000e+00 3.134373760004827858e+01
2.018504522446270073e+02 0.000000000000000000e+00 3.094949645823432149e+01
2.016098490506257406e+02 0.000000000000000000e+00 3.091122728404281972e+01
2.017788912274349116e+02 0.000000000000000000e+00 3.096708081562450587e+01
2.019577899985667102e+02 0.000000000000000000e+00 3.110540807628186144e+01
2.022109036594473537e+02 0.000000000000000000e+00 3.122340809136925799e+01
2.026083433287316780e+02 0.000000000000000000e+00 3.123088992991905499e+01
2.029813459463944980e+02 0.000000000000000000e+00 3.115687721124614384e+01
2.033428067078552601e+02 0.000000000000000000e+00 3.121124614328497771e+01
2.034888783277132802e+02 0.000000000000000000e+00 3.121130800159926366e+01
2.035978621163087041e+02 0.000000000000000000e+00 3.123929662570439092e+01
2.039563536786837687e+02 0.000000000000000000e+00 3.135294091022246477e+01
2.043961753456898975e+02 0.000000000000000000e+00 3.146637698870708633e+01
2.048536643507517283e+02 0.000000000000000000e+00 3.158666877890178881e+01
2.052036602017184634e+02 0.000000000000000000e+00 3.166941257232519291e+01
2.055311079427584389e+02 0.000000000000000000e+00 3.160326038578465813e+01
2.058863300669125920e+02 0.000000000000000000e+00 3.162762954413439687e+01
2.063275865450622746e+02 0.000000000000000000e+00 3.171755191949366548e+01
2.065510715821395422e+02 0.000000000000000000e+00 3.166352848877120607e+01
2.065362331304078793e+02 0.000000000000000000e+00 3.165047487571759532e+01
2.054586567693363861e+02 0.000000000000000000e+00 3.174415401211517818e+01
2.030496133855357073e+02 0.000000000000000000e+00 3.119142734288365304e+01
2.020865865526059793e+02 0.000000000000000000e+00 3.095072457208379646e+01
2.018288501142870075e+02 0.000000000000000000e+00 3.079090531906065920e+01
2.020258220743657773e+02 0.000000000000000000e+00 3.084948363394965298e+01
2.021522785736378012e+02 0.000000000000000000e+00 3.101243653865013172e+01
2.024000000000000057e+02 0.000000000000000000e+00 3.103973717760125695e+01
2.027090290507766213e+02 0.000000000000000000e+00 3.109722316518433161e+01
2.032580170638423169e+02 0.000000000000000000e+00 3.119879451724111874e+01
2.035474204328573364e+02 0.000000000000000000e+00 3.128790669955718329e+01
2.036643809265168557e+02 0.000000000000000000e+00 3.113230135560232625e+01
2.038592904398729502e+02 0.000000000000000000e+00 3.113314775839047854e+01
2.042818204449272343e+02 0.000000000000000000e+00 3.141558226024245570e+01
2.046050105234571390e+02 0.000000000000000000e+00 3.137688007785095223e+01
2.049947616568975661e+02 0.000000000000000000e+00 3.143460897247305041e+01
2.052054510753539773e+02 0.000000000000000000e+00 3.141250594066127988e+01
2.057277736287445009e+02 0.000000000000000000e+00 3.163054895482079942e+01
2.059897013450411407e+02 0.000000000000000000e+00 3.153724096830892876e+01
2.063293970323096573e+02 0.000000000000000000e+00 3.162868264421662445e+01
2.064131667685065850e+02 0.000000000000000000e+00 3.151958117395010461e+01
2.063762071800906881e+02 0.000000000000000000e+00 3.156414933502312081e+01
2.050749405933871969e+02 0.000000000000000000e+00 3.161302796448427443e+01
2.029230739055981871e+02 0.000000000000000000e+00 3.118216217439518445e+01
2.021063631083048620e+02 0.000000000000000000e+00 3.094539872209774956e+01
2.021021507079759374e+02 0.000000000000000000e+00 3.097808103439171390e+01
2.022162370531302429e+02 0.000000000000000000e+00 3.092626338063231373e+01
2.023830115946620936e+02 0.000000000000000000e+00 3.099431808752197171e+01
2.026230505201378946e+02 0.000000000000000000e+00 3.101418064136510822e+01
2.030424272599029791e+02 0.000000000000000000e+00 3.107183711649730995e+01
2.032794637940268956e+02 0.000000000000000000e+00 3.115116512398065751e+01
2.033764546133478177e+02 0.000000000000000000e+00 3.116669005212694543e+01
2.033618756647883004e+02 0.000000000000000000e+00 3.111476980409019077e+01
2.036951848582916682e+02 0.000000000000000000e+00 3.122798409788700980e+01
2.041312980439194007e+02 0.000000000000000000e+00 3.122611627854346139e+01
2.045102963918497778e+02 0.000000000000000000e+00 3.131671306040238179e+01
2.047349537194197353e+02 0.000000000000000000e+00 3.131253385233967634e+01
2.054256183945504404e+02 0.000000000000000000e+00 3.178628405036171856e+01
2.056687502357405322e+02 0.000000000000000000e+00 3.167973536711400939e+01
2.059604483973415938e+02 0.000000000000000000e+00 3.168479869644918168e+01
2.062278332239497161e+02 0.000000000000000000e+00 3.172077911301212438e+01
2.065257805840330150e+02 0.000000000000000000e+00 3.154948137084059567e+01
2.064786701971167986e+02 0.000000000000000000e+00 3.195971515000641361e+01
2.048558082694005122e+02 0.000000000000000000e+00 3.152775703261140094e+01
2.028701292235272717e+02 0.000000000000000000e+00 3.111640226009157928e+01
2.021651647166210353e+02 0.000000000000000000e+00 3.099610745241813348e+01
2.018900898454296566e+02 0.000000000000000000e+00 3.091718378708669945e+01
2.019496050874691662e+02 0.000000000000000000e+00 3.101479771576859079e+01
2.020650855078039569e+02 0.000000000000000000e+00 3.106470228800325728e+01
2.022793687434464118e+02 0.000000000000000000e+00 3.108647339715300717e+01
2.027492716560677763e+02 0.000000000000000000e+00 3.123905220992599752e+01
2.030877422469655471e+02 0.000000000000000000e+00 3.116754098113321447e+01
2.032791107490136540e+02 0.000000000000000000e+00 3.121281221475396350e+01
2.035956397432125584e+02 0.000000000000000000e+00 3.128847096808261696e+01
2.039895972420244163e+02 0.000000000000000000e+00 3.133090728042184381e+01
2.044698169144771214e+02 0.000000000000000000e+00 3.152477425487134255e+01
2.046931344814840088e+02 0.000000000000000000e+00 3.144063789500682660e+01
2.050376264512186708e+02 0.000000000000000000e+00 3.140548879383830894e+01
