2.141831367499356134e+02 0.000000000000000000e+00 4.575740406901879775e-01
2.141665310327066720e+02 0.000000000000000000e+00 4.307494205511202545e-01
2.141202472315220291e+02 0.000000000000000000e+00 4.152459438578418593e-01
2.134966778264228822e+02 0.000000000000000000e+00 4.056348184393510081e-01
2.128608910636106089e+02 0.000000000000000000e+00 4.959464331702291839e-01
2.131169817151686914e+02 0.000000000000000000e+00 5.108524336852948711e-01
2.131256142158125044e+02 0.000000000000000000e+00 5.443007983517899051e-01
2.129001184651042990e+02 0.000000000000000000e+00 5.217821272212207484e-01
2.130290394025238356e+02 0.000000000000000000e+00 5.535204738604172503e-01
2.130360545969611223e+02 0.000000000000000000e+00 5.281174349729590434e-01
2.133960545969611076e+02 0.000000000000000000e+00 5.291681689415400625e-01
2.133695802214782304e+02 0.000000000000000000e+00 4.801236157610095368e-01
2.132459747617821222e+02 0.000000000000000000e+00 5.515323203708473176e-01
2.131696832346124211e+02 0.000000000000000000e+00 5.934689672933298743e-01
2.132283183105845978e+02 0.000000000000000000e+00 6.092402781354622210e-01
2.131075457120782914e+02 0.000000000000000000e+00 5.707751738346639181e-01
2.130568632500643957e+02 0.000000000000000000e+00 5.657893381406129407e-01
2.132107236672675867e+02 0.000000000000000000e+00 5.693226886428019995e-01
2.132781354622714503e+02 0.000000000000000000e+00 5.700849858356940025e-01
2.133558073654390910e+02 0.000000000000000000e+00 5.087097604944630369e-01
2.132275354107648866e+02 0.000000000000000000e+00 6.256399690960597892e-01
2.128924439866082992e+02 0.000000000000000000e+00 6.277723409734741189e-01
2.121911511717744077e+02 0.000000000000000000e+00 6.723049188771568208e-01
2.120501158897759524e+02 0.000000000000000000e+00 6.051609580221478657e-01
2.120994179757919085e+02 0.000000000000000000e+00 6.263919649755343988e-01
2.119965799639454076e+02 0.000000000000000000e+00 5.928508884882822683e-01
2.120638372392480164e+02 0.000000000000000000e+00 6.169456605717228426e-01
2.119927993819212020e+02 0.000000000000000000e+00 5.974864795261395356e-01
2.123598248776719117e+02 0.000000000000000000e+00 7.166005665722379181e-01
2.124300283286119111e+02 0.000000000000000000e+00 7.118825650270409477e-01
2.131522946175637401e+02 0.000000000000000000e+00 7.845377285603915007e-01
2.131908627349987171e+02 0.000000000000000000e+00 6.756528457378315755e-01
2.132637239248004164e+02 0.000000000000000000e+00 7.351841359773371165e-01
2.129493587432397703e+02 0.000000000000000000e+00 7.111717744012361342e-01
2.130960082410507255e+02 0.000000000000000000e+00 7.735565284573783229e-01
2.129987432397630585e+02 0.000000000000000000e+00 6.767859902137522976e-01
2.126636518156064994e+02 0.000000000000000000e+00 6.644965233067215982e-01
2.124477671903167675e+02 0.000000000000000000e+00 6.029049703837239260e-01
2.124628689157867711e+02 0.000000000000000000e+00 6.159464331702292350e-01
2.124526191089364033e+02 0.000000000000000000e+00 5.948699459181046034e-01
2.125785526654648550e+02 0.000000000000000000e+00 6.001957249549317863e-01
2.125506670100437816e+02 0.000000000000000000e+00 5.900077259850631251e-01
2.125961164048416094e+02 0.000000000000000000e+00 5.969611125418491371e-01
2.125956837496780736e+02 0.000000000000000000e+00 5.812104043265516884e-01
2.126206747360288318e+02 0.000000000000000000e+00 5.959927890806078210e-01
2.126087355137780150e+02 0.000000000000000000e+00 5.761730620654132995e-01
2.124973783157352614e+02 0.000000000000000000e+00 5.699098635075972030e-01
2.124488179242853505e+02 0.000000000000000000e+00 5.361421581251609725e-01
2.125185578161215574e+02 0.000000000000000000e+00 5.885449394797837019e-01
2.123965284573783094e+02 0.000000000000000000e+00 5.470306464074169428e-01
2.124624362606232353e+02 0.000000000000000000e+00 5.860417203193407643e-01
2.122518774143703411e+02 0.000000000000000000e+00 5.392943600309039187e-01
2.120927839299510822e+02 0.000000000000000000e+00 5.951480813803760039e-01
2.120025238217872641e+02 0.000000000000000000e+00 5.849703837239248472e-01
2.119855369559618907e+02 0.000000000000000000e+00 6.091475663147051245e-01
2.117326706155034799e+02 0.000000000000000000e+00 5.712696368787020251e-01
2.117040844707700273e+02 0.000000000000000000e+00 6.412567602369302344e-01
2.116166057172289356e+02 0.000000000000000000e+00 5.910069533865567326e-01
2.116010610352819867e+02 0.000000000000000000e+00 6.124954931753798792e-01
2.114315220190574394e+02 0.000000000000000000e+00 5.585887200618079307e-01
2.113479165593613232e+02 0.000000000000000000e+00 4.642389904712850845e-01
2.114519804275045090e+02 0.000000000000000000e+00 4.797939737316507802e-01
2.114744475920679747e+02 0.000000000000000000e+00 5.063713623486995052e-01
2.115381303116147365e+02 0.000000000000000000e+00 5.376873551377800986e-01
2.117865773886170473e+02 0.000000000000000000e+00 5.881843935101725984e-01
2.117238732938449743e+02 0.000000000000000000e+00 5.939016224568632873e-01
2.117635539531290192e+02 0.000000000000000000e+00 5.867628122585629713e-01
2.117196188514035669e+02 0.000000000000000000e+00 5.585887200618079307e-01
2.118278650527942375e+02 0.000000000000000000e+00 5.901210404326551195e-01
2.118013597733711038e+02 0.000000000000000000e+00 5.787998969868658472e-01
2.119547463301570929e+02 0.000000000000000000e+00 5.728457378315735538e-01
2.119096574813288782e+02 0.000000000000000000e+00 5.581766675251094156e-01
2.119812619108936360e+02 0.000000000000000000e+00 5.689209374195209890e-01
2.120003399433427660e+02 0.000000000000000000e+00 5.819005923255214929e-01
2.120745403038887389e+02 0.000000000000000000e+00 5.749266031419005829e-01
2.120589853206283806e+02 0.000000000000000000e+00 5.596394540303888387e-01
2.122616121555498410e+02 0.000000000000000000e+00 6.041617306206541471e-01
2.122747360288436766e+02 0.000000000000000000e+00 5.920782899819726497e-01
2.123759155292299852e+02 0.000000000000000000e+00 6.052021632758176617e-01
2.122530002575328467e+02 0.000000000000000000e+00 5.736183363378830613e-01
2.123226577388616931e+02 0.000000000000000000e+00 6.035745557558588326e-01
2.123428689157867666e+02 0.000000000000000000e+00 5.810558846252896759e-01
2.124335513778006828e+02 0.000000000000000000e+00 5.993510172546999692e-01
2.123792943600309115e+02 0.000000000000000000e+00 5.671903167653875588e-01
2.125446613443214119e+02 0.000000000000000000e+00 6.322843162503218872e-01
2.128240638681431847e+02 0.000000000000000000e+00 6.171413855266546511e-01
2.129222147823847422e+02 0.000000000000000000e+00 6.490033479268606520e-01
2.128550399175894938e+02 0.000000000000000000e+00 6.028946690703064215e-01
2.126884161730620519e+02 0.000000000000000000e+00 6.465001287664177143e-01
2.125523358228174118e+02 0.000000000000000000e+00 6.111666237445274596e-01
2.127837445274272454e+02 0.000000000000000000e+00 7.088745815091423985e-01
2.125582487767190401e+02 0.000000000000000000e+00 6.346639196497553259e-01
2.125776770538243738e+02 0.000000000000000000e+00 6.758073654390934770e-01
2.124387638423899034e+02 0.000000000000000000e+00 6.612619108936389489e-01
2.122294308524336941e+02 0.000000000000000000e+00 6.427504506824620600e-01
2.121648107133659664e+02 0.000000000000000000e+00 5.941385526654648919e-01
2.122928354365181463e+02 0.000000000000000000e+00 6.633427762039659781e-01
2.123009940767447858e+02 0.000000000000000000e+00 6.396703579706412013e-01
2.122848828225598652e+02 0.000000000000000000e+00 6.499098635075972741e-01
2.121423950553695477e+02 0.000000000000000000e+00 6.190368271954673762e-01
2.119057738861704934e+02 0.000000000000000000e+00 7.257996394540303653e-01
2.117905742982230208e+02 0.000000000000000000e+00 7.105639969096059216e-01
2.118475508627350052e+02 0.000000000000000000e+00 7.391089363893896813e-01
2.116910842132371897e+02 0.000000000000000000e+00 7.045480298738089342e-01
2.116516095802214750e+02 0.000000000000000000e+00 7.212361576100952965e-01
