2.320501736684374805e+02 3.501268552846615867e-01 5.209279662610919814e+01
2.322459822193614229e+02 3.601248072092255170e-01 5.228226241280005127e+01
2.322107009851660848e+02 3.548604173894143732e-01 5.224316716057329302e+01
2.323630589887523001e+02 3.612637879364177240e-01 5.239913855439311874e+01
2.323721039586372399e+02 3.489314479893332877e-01 5.247178671593193400e+01
2.326839924095816627e+02 3.500683388436315324e-01 5.283895857453949674e+01
2.326433088539554888e+02 3.352866678648604437e-01 5.277513385635885612e+01
2.328549252034491133e+02 3.500975970641465596e-01 5.294348356732943728e+01
2.325983159804220577e+02 3.463337359821775374e-01 5.257936292314701632e+01
2.326047339800793452e+02 3.211486777374200074e-01 5.262438296502806878e+01
2.324613164527333424e+02 3.181747886093567734e-01 5.253528123419533813e+01
2.321992045943765675e+02 2.686030035653231840e-01 5.229889362128995600e+01
2.318985324912538886e+02 2.519738849483174614e-01 5.197960075068234431e+01
2.319939999749215360e+02 2.579780897725800215e-01 5.212604859372452637e+01
2.319791096305522728e+02 2.586761073191528593e-01 5.212910816764124178e+01
2.320749574710866057e+02 2.687221263202771993e-01 5.224327165421799180e+01
2.319644031949976863e+02 2.649331867635810189e-01 5.210669637072673055e+01
2.321385815614694366e+02 2.752926866987949750e-01 5.226933236920530845e+01
2.321270308339846906e+02 2.823710861905379121e-01 5.227142642184502108e+01
2.321870749721001914e+02 2.752738778427495925e-01 5.235456574531136908e+01
2.321032856981638304e+02 2.825424557678402060e-01 5.224940752103456987e+01
2.322309915610932478e+02 2.856689056171603514e-01 5.240623367286801937e+01
2.321797248891322454e+02 2.836291896726841344e-01 5.233761269639580860e+01
2.322504629068459963e+02 2.945278768145321302e-01 5.235885834423550023e+01
2.321039690866001592e+02 2.887786364833290764e-01 5.219306245794130916e+01
2.323266659421773852e+02 2.977671798001245707e-01 5.239964848337923797e+01
2.323188477276812023e+02 3.049229045889428891e-01 5.234637553344005312e+01
2.323710109551137180e+02 3.165070700400001713e-01 5.242195787652195094e+01
2.322744337489394013e+02 3.224297698213994812e-01 5.230803263545511328e+01
2.324165012183958936e+02 3.303106805044117023e-01 5.249757783731593719e+01
2.323449565097450886e+02 3.308644968213033111e-01 5.244110529197614312e+01
2.323519220561005341e+02 3.053701373882440340e-01 5.240863911656892782e+01
2.321478814958474288e+02 2.889019389840710161e-01 5.223297694034248906e+01
2.321634677678903529e+02 2.750105538581143483e-01 5.229072848789336803e+01
2.319465368716274725e+02 2.623438342480010621e-01 5.203886536620842662e+01
2.318008727309205028e+02 2.481515074253183850e-01 5.193691718669670365e+01
2.313131862620115555e+02 2.144648462480512052e-01 5.145778665741549673e+01
2.311209430342446467e+02 1.767990670807401410e-01 5.125490806649139586e+01
2.307533093137275273e+02 1.547132903376816637e-01 5.087925341380736910e+01
2.307607534409757193e+02 1.410308925011180825e-01 5.089923050880045707e+01
2.306456975786732642e+02 1.467257961370789510e-01 5.075668445845123955e+01
2.307128117567889660e+02 1.578878072635622187e-01 5.072195286082700250e+01
2.306229827501891236e+02 1.463454392703835705e-01 5.061399420687234141e+01
2.306424540959418721e+02 1.497519320874904358e-01 5.061632859489485980e+01
2.303881374634794668e+02 1.523475542217522238e-01 5.039919080121546813e+01
2.304687522204899608e+02 1.535199729152472992e-01 5.052944839894837514e+01
2.303854164489715686e+02 1.465648759242462740e-01 5.047044919727981949e+01
2.303863025550786006e+02 1.478313388979682341e-01 5.046074382756040677e+01
2.303000493210003015e+02 1.562597962791902884e-01 5.032738903819869591e+01
2.304427897295286414e+02 1.652838674351825854e-01 5.048692784504846287e+01
2.304326914637051686e+02 1.660821988806640837e-01 5.048737298797487227e+01
2.304883259700145004e+02 1.624688086470580939e-01 5.054772224753290288e+01
2.303791384707982104e+02 1.630247148368436094e-01 5.040738101308678409e+01
2.305573691008112860e+02 1.641051791230057344e-01 5.059089693164861501e+01
2.304905830327399485e+02 1.610706836810185116e-01 5.051285689804345935e+01
2.305719376047548792e+02 1.628867832258442117e-01 5.059576633549147573e+01
2.305229718828500722e+02 1.860739229840041031e-01 5.048622355788320704e+01
2.305689699852455021e+02 1.900258726264268672e-01 5.054593540620859216e+01
2.306637519906039415e+02 1.888701729160832399e-01 5.065306856037015848e+01
2.305901821951188992e+02 1.985191160673607791e-01 5.055189781357498191e+01
2.304937700889032044e+02 1.895472917337167607e-01 5.048141894010006325e+01
2.303942231733466031e+02 1.796935410388340315e-01 5.047030499605013887e+01
2.298741478543275036e+02 1.429932831485189182e-01 4.997543772387763283e+01
2.298109208397945338e+02 1.354216736538083887e-01 4.995760065872793376e+01
2.294600311809035702e+02 1.204853520808864403e-01 4.969871347424649599e+01
2.296989057425527392e+02 1.244247624859456114e-01 4.996345857244962474e+01
2.296559839330572004e+02 1.266233087703605986e-01 4.991660571204059238e+01
2.297108681749975858e+02 1.365773733641519883e-01 4.998700517034554025e+01
2.296466610100773664e+02 1.472190061400465710e-01 4.991147298421309841e+01
2.299935736408511673e+02 1.572921934887920037e-01 5.025036259294709851e+01
2.300325142424837850e+02 1.648240953985178614e-01 5.025533231068886408e+01
2.301057412988141948e+02 1.712211963268394088e-01 5.026993216272586551e+01
2.299677658004840168e+02 1.718105404829278204e-01 5.009562422413468852e+01
2.301271353276293610e+02 1.823309606309744257e-01 5.028219553686744803e+01
2.300998896547112054e+02 1.636997437815831957e-01 5.028279533038800508e+01
2.301050620901236812e+02 1.542535183010169397e-01 5.036142261827635735e+01
2.300607651442639394e+02 1.550811079670134374e-01 5.032550606272126714e+01
2.303601582451755405e+02 1.668282835037973033e-01 5.064326078687894039e+01
2.303893245112832346e+02 1.619567897880450913e-01 5.059894921190893058e+01
2.304726456536913304e+02 1.673528416001738850e-01 5.065140920129237401e+01
2.303268791092125696e+02 1.715158684048836146e-01 5.045533523651091201e+01
2.305009446225480474e+02 1.863100786210182824e-01 5.061174759351136032e+01
2.304932100029676292e+02 1.764103507224690504e-01 5.058060848739179960e+01
2.305202257898674532e+02 1.619985872459236975e-01 5.063702251629055695e+01
2.303335019164134394e+02 1.541323056731689622e-01 5.045936033170462309e+01
2.304055649135419515e+02 1.533715919397782290e-01 5.054683614142587800e+01
2.301596453903673591e+02 1.487759614460248403e-01 5.035822511274864155e+01
2.299142065379583642e+02 1.319545745227775346e-01 5.018161204435546097e+01
2.296729557908288086e+02 1.321050453711405392e-01 4.997579300226960441e+01
2.295036635471830664e+02 1.120986921575429784e-01 4.982089162337146604e+01
2.294072786093149716e+02 1.145898206471082370e-01 4.970627045463094618e+01
2.293885240899648466e+02 1.122240845311788110e-01 4.966344477928852541e+01
2.291143014181877504e+02 1.128782147469790942e-01 4.937006424269276295e+01
2.292092840513439853e+02 1.270245643659952683e-01 4.944768630171913060e+01
2.291302973053178960e+02 1.287466196305940558e-01 4.936949997701140092e+01
2.291311813215520203e+02 1.176452148180347629e-01 4.935399729988422024e+01
2.290675133438384137e+02 1.167319403633871044e-01 4.927949333121559761e+01
2.290884622297271846e+02 1.046253066888471889e-01 4.933813725449218168e+01
2.288302312653344472e+02 8.662314158052906998e-02 4.900870641047611542e+01
2.288771572712947489e+02 8.305154880480168644e-02 4.907276101467508767e+01
2.287659425953713423e+02 7.829290822532174177e-02 4.891865796722243687e+01
2.281437895247211145e+02 4.405661047695079435e-02 4.825613900162591818e+01
2.280850055799606366e+02 5.062090123678678055e-02 4.820132999510969540e+01
2.285501987469122014e+02 6.750498434685202331e-02 4.869401335010804388e+01
2.286006963456482595e+02 7.305150700734380775e-02 4.867656500131661801e+01
2.285090428800120321e+02 7.314137154178282363e-02 4.843692972593407120e+01
2.279969738640495791e+02 5.957391671438543035e-02 4.802717461723977976e+01
2.287835518643755961e+02 8.177254659371617496e-02 4.882646531437958259e+01
2.286266044999143219e+02 8.973914206537958460e-02 4.857503479638368304e+01
2.286851230308172660e+02 1.014131720508758688e-01 4.864188356064184404e+01
2.287872425799062910e+02 1.001299900940024884e-01 4.875469907920200541e+01
2.286791209158658944e+02 1.009951974720897511e-01 4.867922540951059318e+01
2.283185133480181719e+02 8.771614510405477405e-02 4.838553975147231512e+01
2.281963602773679440e+02 5.927715476344729006e-02 4.827801370120669588e+01
2.279579496675012251e+02 5.668362250207942266e-02 4.810492415851268078e+01
2.278283566493485921e+02 4.745056405669407368e-02 4.795244703217150573e+01
2.274051030516324090e+02 3.252887159402965273e-02 4.753052468348874982e+01
2.269452202517042849e+02 2.402517878862607537e-02 4.707806302220699024e+01
2.269007435767756533e+02 2.028430630849031857e-02 4.707988121162470918e+01
2.266755555927088608e+02 2.903251424248377149e-02 4.677943063502877408e+01
2.261977416833508130e+02 1.622995289426496998e-02 4.636464938202458796e+01
2.262688830465331193e+02 3.042227971694761585e-02 4.644314918766640687e+01
2.264722276791125637e+02 3.475040648027787060e-02 4.662000468131527953e+01
2.265193166951586079e+02 3.846620048568646227e-02 4.673390066416160238e+01
2.264918223273660374e+02 4.826143473953914409e-02 4.664926708157609880e+01
2.271745043866432070e+02 6.953216105396470281e-02 4.745560691998712599e+01
2.273461456474217357e+02 7.827200949638242478e-02 4.761422827263645985e+01
2.276405418622439356e+02 8.939640291077496914e-02 4.790259729403257438e+01
2.275855364076756757e+02 8.279031469306036284e-02 4.779069504992706641e+01
2.279132033989692729e+02 8.714769967690565167e-02 4.810945500294672428e+01
2.279537406634928516e+02 7.705361359922090203e-02 4.813603400641172669e+01
2.281432022704379108e+02 5.330011828680579489e-02 4.828787790126604307e+01
2.280486188030043877e+02 5.831581323223921504e-02 4.817189622527158122e+01
2.282637691275616589e+02 5.393752951945463003e-02 4.833732011419065344e+01
2.277865299332494544e+02 4.677344523906055984e-02 4.782174220163929590e+01
2.277764734648838783e+02 4.853311821575011925e-02 4.782298567601118577e+01
2.275553711823246772e+02 6.124581502952990142e-02 4.757791673110441621e+01
2.273184506518313697e+02 5.605875050679417354e-02 4.744538117191712701e+01
2.267701369702694763e+02 4.990407483416858803e-02 4.683883109229296338e+01
2.269861817604253247e+02 5.805039937471002942e-02 4.703726661344457227e+01
2.263887644253476594e+02 5.252686531605147563e-02 4.640724517134867710e+01
2.264383090420440681e+02 5.830536386776956348e-02 4.646342304461042971e+01
2.271023348059970886e+02 8.593557339842590459e-02 4.712203394789528943e+01
2.269174165827234333e+02 6.058123544925997361e-02 4.694130382990106654e+01
2.268684007038691846e+02 6.652274408670465211e-02 4.694308022186090312e+01
2.271427424984012475e+02 7.527304189359203257e-02 4.727375871999465318e+01
2.270231495220460829e+02 6.576203035331390501e-02 4.714384386141635019e+01
2.270793106763246669e+02 6.014654188732241474e-02 4.720949094876049656e+01
2.269810699313267719e+02 6.978503567413030240e-02 4.713153033032531170e+01
2.270288297965717845e+02 5.046834051552984840e-02 4.719716278855919711e+01
2.269416653779117041e+02 4.889257635350618275e-02 4.718853579325305247e+01
2.270198308038904997e+02 4.721440841967991520e-02 4.728356858335875756e+01
2.269334793457861963e+02 5.503889253455605118e-02 4.714774983385510154e+01
2.270990808739012436e+02 5.545686711334216895e-02 4.730967109580395658e+01
2.270661800049321073e+02 5.421339274145346721e-02 4.729200331035866611e+01
2.269759643718469135e+02 6.134403905554464131e-02 4.716320235403282624e+01
2.268557026361656597e+02 6.100338977383395339e-02 4.704588524925914328e+01
2.270032518422229657e+02 6.449347750669803814e-02 4.714337155014231939e+01
2.269446058290734811e+02 6.849976384436298749e-02 4.708189793896735154e+01
2.270298266659421813e+02 7.526050265622845348e-02 4.718460892208535995e+01
2.269596341050537376e+02 7.742143122855267567e-02 4.707817587534326265e+01
2.270205727087678440e+02 8.095958603797717701e-02 4.714997554848714145e+01
2.268541226922578460e+02 7.282998048058716978e-02 4.697405213814895575e+01
2.267884296277100304e+02 7.261263369961838687e-02 4.697452026967719974e+01
2.262952029057592824e+02 5.085287712801307702e-02 4.662710397953596697e+01
2.262520553899911704e+02 3.067306446421928789e-02 4.667290981362513236e+01
2.260957245380336076e+02 2.886323453807539477e-02 4.659177676813695967e+01
2.259590196824229054e+02 2.233865136322408726e-02 4.646672922352862400e+01
2.257477272632278584e+02 2.671275533022081719e-02 4.619549715986273952e+01
2.256563789190341538e+02 2.409414459412578466e-02 4.605663137567972854e+01
2.254239996823393142e+02 2.895100919962047964e-02 4.588125760191265101e+01
2.255062737984275714e+02 2.489247603960727251e-02 4.587488975920484791e+01
2.253177714431408276e+02 2.772843355667108448e-02 4.573176690393690080e+01
2.256008718949713341e+02 3.914958892200176566e-02 4.601597080865541756e+01
2.255769825579208145e+02 3.414016359525013505e-02 4.598003126449849276e+01
2.256660571204059238e+02 4.312243729336381892e-02 4.608349042211252566e+01
2.256894929550384745e+02 2.868559534209129402e-02 4.621497895497995501e+01
2.259541837165463676e+02 3.495730389677699501e-02 4.650349217760575726e+01
2.262880513607162527e+02 3.707643501122261792e-02 4.682727827493531692e+01
2.261698126219963285e+02 3.280055507024062789e-02 4.659242044898829249e+01
2.263651488616462473e+02 4.250592478965429383e-02 4.666732985299834269e+01
2.267008723129459327e+02 5.061045187231712900e-02 4.691006232000970044e+01
2.268259470259018826e+02 5.587275181923435224e-02 4.698421936977793223e+01
2.269709507667743651e+02 5.819669047728517203e-02 4.710359081960635308e+01
2.268494580959585960e+02 5.438267244586184046e-02 4.694292975101254228e+01
2.270858561582284665e+02 6.167423897278567768e-02 4.717159110382906562e+01
2.270525749323926163e+02 6.210684266182930902e-02 4.708710381234613607e+01
2.270545331432942362e+02 5.816952212966407243e-02 4.710470890160460300e+01
2.267845027565423379e+02 5.858958658134412467e-02 4.686312168493912367e+01
2.263882043394120842e+02 4.598347328515479948e-02 4.656393548144401962e+01
2.262139277489143012e+02 4.390195988279992773e-02 4.640805186228573831e+01
2.256454447040530908e+02 3.862085107983732196e-02 4.587711129409109390e+01
2.254017613448750126e+02 4.317050436992422163e-02 4.558278404507437642e+01
2.254668692450125320e+02 4.362818653369501809e-02 4.565095778874729149e+01
2.254615902260824498e+02 3.774310446438647326e-02 4.574431032104627093e+01
2.255171097893826015e+02 3.703672742623793923e-02 4.586072669060267515e+01
2.254309923970424165e+02 3.893642188682084476e-02 4.576756433673703839e+01
2.256101363015101526e+02 4.231783622920053806e-02 4.601634280603053639e+01
2.255856618000493086e+02 4.536069116276347790e-02 4.594570510221568327e+01
2.256203098027577880e+02 4.801900948384319606e-02 4.592056811104748704e+01
2.252977358317067171e+02 5.022382538693996590e-02 4.558497632174011471e+01
2.254185116761198628e+02 4.610050616721490802e-02 4.565960568278237020e+01
2.253326346191624623e+02 4.443696734364616097e-02 4.557331483099197555e+01
2.252703564069233266e+02 5.170345539584282613e-02 4.552873784216443909e+01
2.251461594405828350e+02 5.416532566489306449e-02 4.541884814565577955e+01
2.253634769633310952e+02 6.015490137889813876e-02 4.558909337134115702e+01
2.254850992062662840e+02 5.382467638318237657e-02 4.568773537193467860e+01
2.255904496988493122e+02 5.524161020526731358e-02 4.578594685871205172e+01
2.254792015849596112e+02 6.559693039469340070e-02 4.564007582058859214e+01
2.257182558756776416e+02 6.574531137016247084e-02 4.588887518861103132e+01
2.256807969939268332e+02 6.605461255846419022e-02 4.583520934256778645e+01
2.257181283934311011e+02 6.860843723484737200e-02 4.587309246851606304e+01
2.255568048351299240e+02 6.743183879556445548e-02 4.570709804429694856e+01
2.255763764947815844e+02 5.707651860613837530e-02 4.570373125906482414e+01
2.253738072050457788e+02 5.136071624123821067e-02 4.557033676211813145e+01
2.251867322329455874e+02 4.641189722841056881e-02 4.542973638343315912e+01
2.248788500683388349e+02 3.883401811501824286e-02 4.513865679689361343e+01
2.248915000689657973e+02 3.807330438162750963e-02 4.515013855857286984e+01
2.248343315959523352e+02 4.309735881863665380e-02 4.507019883050713105e+01
2.248955627818716039e+02 3.883401811501824286e-02 4.512870064242692791e+01
2.248443838845721530e+02 3.944008125425811639e-02 4.506253735647798209e+01
2.253398070629344261e+02 5.455822176895201020e-02 4.550310555112037747e+01
2.253859514564324229e+02 6.144226308155938121e-02 4.550745666648554533e+01
2.255033082687911019e+02 6.521030390931623066e-02 4.566540716993592497e+01
2.254853207327930420e+02 8.108288853871907509e-02 4.561809035774444254e+01
2.257116915849178156e+02 6.561573925073876934e-02 4.583985095026520185e+01
2.256655262926908847e+02 6.263349063109981130e-02 4.576138876233547137e+01
2.257215620545958359e+02 5.534401397706991549e-02 4.583577987786782870e+01
2.255791602054763132e+02 5.822385882490627163e-02 4.569189003924781645e+01
2.256312523772304246e+02 5.279436904647459572e-02 4.576555178914018285e+01
2.255670932793867394e+02 5.017993805616742520e-02 4.571601762180824124e+01
2.255989115941968350e+02 4.849550050365936810e-02 4.574989237154596111e+01
2.254359788337673365e+02 4.875046499671890216e-02 4.559379976509828936e+01
2.255108004631158281e+02 5.641820864455023704e-02 4.568459638284799240e+01
2.254156548198738506e+02 6.159482380281631336e-02 4.559469005095110106e+01
2.253945032163143765e+02 5.585812270897683868e-02 4.557908288017922871e+01
2.253549565515425286e+02 5.233041726402200278e-02 4.551141906549243998e+01
2.251913090545833143e+02 4.915590033814143389e-02 4.534750406480277718e+01
2.251651668345531334e+02 4.487584065137158185e-02 4.537747911172042592e+01
2.246295115131097759e+02 3.820496637394513867e-02 4.498555897830294015e+01
2.241686151248281078e+02 2.760931080171703800e-02 4.464367876145772840e+01
2.243394371554321935e+02 2.377230416846047578e-02 4.490396407090521080e+01
2.243364235587191615e+02 2.730209948630924269e-02 4.495467692654932534e+01
2.244455483617486493e+02 2.708475270534045978e-02 4.494219829549966505e+01
2.243669043548771356e+02 2.914745725164995596e-02 4.480316741135803937e+01
2.246153944217112723e+02 3.354037007469205800e-02 4.497680032100447534e+01
2.245910306835138215e+02 3.167620345330596915e-02 4.492993910110386935e+01
2.246568073429774017e+02 3.279428545155883834e-02 4.500364264845411810e+01
2.245532687701933980e+02 3.419241041759839977e-02 4.495750452457481572e+01
2.246846966967468973e+02 3.066470497264356387e-02 4.509511638502146269e+01
2.245398705950703970e+02 2.614222003017776380e-02 4.495146897165714250e+01
2.242596667070708634e+02 2.678172113572052648e-02 4.470290366939882887e+01
2.240873044401439529e+02 3.020284306308490194e-02 4.451501991648867573e+01
2.242678339303403448e+02 3.033450505540253098e-02 4.468723171256723958e+01
2.242874724659246226e+02 3.203775146395596019e-02 4.475544307395224308e+01
2.244314312703501457e+02 3.373681812672153085e-02 4.491494635296281501e+01
2.244174479308168486e+02 4.109944033203900837e-02 4.489043423378990383e+01
2.247738945617327602e+02 4.958432428139720322e-02 4.519991306128761011e+01
2.247430125099791383e+02 4.903468771029346335e-02 4.511741741867259492e+01
2.247868496838022452e+02 4.253518301016932096e-02 4.516419295378454990e+01
2.247089872893930647e+02 4.868358906411312387e-02 4.507068577089141570e+01
2.249363341121593010e+02 5.318099553185175188e-02 4.521334885412269244e+01
2.249324260498476349e+02 5.491767990670807370e-02 4.511197120991101173e+01
2.249492265380419553e+02 5.619041249911180258e-02 4.511007360532332200e+01
2.247785800567609442e+02 5.563032656353840422e-02 4.492027343896943847e+01
2.247583187390542889e+02 4.953416733194287297e-02 4.493689001834908225e+01
2.245816952212966271e+02 3.803986641532462049e-02 4.496089638828166812e+01
2.245299687772989614e+02 2.423625595091306525e-02 4.494259746122240529e+01
2.243792722226634169e+02 3.252678172113571825e-02 4.482565862344252139e+01
2.244222316498710654e+02 1.946089638828166560e-02 4.496685670577515737e+01
2.243544048250985270e+02 2.067093279386747820e-02 4.494426100004597657e+01
2.244367499968651885e+02 2.482560010700149075e-02 4.498005843284611416e+01
2.242607409017383588e+02 1.894051803769294592e-02 4.479113601310768189e+01
2.245259039745202756e+02 2.044522652132297474e-02 4.499980982156665021e+01
2.246142408118738274e+02 2.479425201359253261e-02 4.506822808036815076e+01
2.247647618171862689e+02 2.843481059481962198e-02 4.518250442008117318e+01
2.247232694807501900e+02 3.256439943322646940e-02 4.508638071632483246e+01
2.250088944990365576e+02 3.642230479542234167e-02 4.532760847485256051e+01
2.250003072113154019e+02 4.443487747075222649e-02 4.526331980488946982e+01
2.250553899911807321e+02 3.957801286525753498e-02 4.530224368753892605e+01
2.249628232510898727e+02 4.469820145538748457e-02 4.518434768797362011e+01
2.253904049755693961e+02 5.398559659601503274e-02 4.552651003765951288e+01
2.254291553987686427e+02 5.476511918545114155e-02 4.555049550886315046e+01
2.255822699363424704e+02 6.332105881320297669e-02 4.567744692767785608e+01
2.255587776751418119e+02 6.488219386496912877e-02 4.563071319002378345e+01
2.258258843297150804e+02 6.056869621189639452e-02 4.588417715434547262e+01
2.257350814423466829e+02 5.980171285982386481e-02 4.580237534953123912e+01
2.257340114274249743e+02 5.622385046541469172e-02 4.579644638013115809e+01
2.254694314291804744e+02 6.244749194353999694e-02 4.549602088200995809e+01
2.253538384695442858e+02 4.260623868856296126e-02 4.541592023373138431e+01
2.248331194696738464e+02 3.612763271737812892e-02 4.505153835543722352e+01
2.248413264005283168e+02 3.544633415395675308e-02 4.506941721804479783e+01
2.247779468252740855e+02 3.787058671091624029e-02 4.500469385451976478e+01
2.252227261137977621e+02 5.732730335341004735e-02 4.536699839915736021e+01
2.252544650134378799e+02 5.732312360762218534e-02 4.538558781854887769e+01
2.254074228105446593e+02 5.366375617034972040e-02 4.546814197760492249e+01
2.252809039954190098e+02 5.111202136686046615e-02 4.531086650309928388e+01
2.253507538171528495e+02 4.720395905521026364e-02 4.535903180368570276e+01
2.255192560888446849e+02 5.149655797934369478e-02 4.549215252728328807e+01
2.253467579801796319e+02 4.787062850837411898e-02 4.541755242446154739e+01
2.253211779359579339e+02 4.301376390287942747e-02 4.535163365364118704e+01
2.255965939251574639e+02 4.655400858519784940e-02 4.565994215231829401e+01
2.256821345125789549e+02 5.653733139950428005e-02 4.571776684542046354e+01
2.260043552951109405e+02 7.877357899092576887e-02 4.601492169246266428e+01
2.261858879242964520e+02 9.044969884931598758e-02 4.611545920777098218e+01
2.264228899598326450e+02 9.830135131181320929e-02 4.635383219992559845e+01
2.264057467324837205e+02 9.709549465201526564e-02 4.627032296895702501e+01
2.264388085216657203e+02 9.028877863648332447e-02 4.626180464704136597e+01
2.262345882323436967e+02 7.189998704278806330e-02 4.610883849044301286e+01
2.263479492077291866e+02 7.342350438246346422e-02 4.615905604621126912e+01
2.262170750974925681e+02 7.574744304051427013e-02 4.600894465598602068e+01
2.263984781545586316e+02 7.655831372335934748e-02 4.625853608583526011e+01
2.263434580708801320e+02 7.680700859773709199e-02 4.618147620261735398e+01
2.265090595989951794e+02 7.958862941955870129e-02 4.633854477970649555e+01
2.264345598100723578e+02 8.032635455111619693e-02 4.627750795196636346e+01
2.263470672813679414e+02 7.059172661118751080e-02 4.617444169045638347e+01
2.261581678502313366e+02 6.710790849700520866e-02 4.603055394170926462e+01
2.261473339491492140e+02 6.821972087657628137e-02 4.603876714218241517e+01
2.260917370605519636e+02 5.912877378797821298e-02 4.602815058788124247e+01
2.261929454250592357e+02 5.823012844358806117e-02 4.612400051828847580e+01
2.260977475349949088e+02 5.244118052740032176e-02 4.606153003774310406e+01
2.262446488804550881e+02 5.995427358108079696e-02 4.624267186069743474e+01
2.262563061914574405e+02 6.233254893437380900e-02 4.621882641097768385e+01
2.263085070366020375e+02 5.836806005458747976e-02 4.625300628215791932e+01
2.261671752024041950e+02 6.622389226287257735e-02 4.608114140497974631e+01
2.263223169166851392e+02 6.731898565929220202e-02 4.625391746673967219e+01
2.262970399040330278e+02 7.679655923326743350e-02 4.620737808726472906e+01
2.263554037843418314e+02 8.248728312344043301e-02 4.625164786477686363e+01
2.262439947502392954e+02 8.933161685106311145e-02 4.610001295721194481e+01
2.263087557314764240e+02 6.430329907335036177e-02 4.627258630130115336e+01
2.261911397748789057e+02 5.817997149413372399e-02 4.621054006495324984e+01
2.262142976564165338e+02 5.457703062499738578e-02 4.623451090704663358e+01
2.258744738744989604e+02 4.065220753273785653e-02 4.587696709286141328e+01
2.259521022031439941e+02 4.828024359558451967e-02 4.598085258454580782e+01
2.259651868973328988e+02 4.793332469519203526e-02 4.598230713607998155e+01
2.260195507609227263e+02 6.207967431420820942e-02 4.602302412967243583e+01
2.259106140464537020e+02 5.858122708976840065e-02 4.587906950499270664e+01
2.259889592015013591e+02 5.215904768671969505e-02 4.594885036092104968e+01
2.256516411771835919e+02 5.144431115699543006e-02 4.558475897495914353e+01
2.255877516729432557e+02 3.766368929441711588e-02 4.556503266471333546e+01
2.252085734945600564e+02 3.933976735534944896e-02 4.523359345284620048e+01
2.249577553093220956e+02 3.494476465941341592e-02 4.509070675321527233e+01
2.247189183653850080e+02 3.025508988543316666e-02 4.491005814026390652e+01
2.246866883456148116e+02 2.873993203733348975e-02 4.490463283023126451e+01
2.244876237727221451e+02 2.737315516470288299e-02 4.471224749110758978e+01
2.245229948714519139e+02 2.821537394095691154e-02 4.478364799852872835e+01
2.244976739714690552e+02 2.810043093179072707e-02 4.472694347729770925e+01
2.246050788091068284e+02 3.082144543968835804e-02 4.483915711246442015e+01
2.245536679359161383e+02 3.560098474810761970e-02 4.476367926302722111e+01
2.249102399592056827e+02 3.611927322580240490e-02 4.511131081007653165e+01
2.248342709896384122e+02 3.704090717202579430e-02 4.505067732780491951e+01
2.249110027628119610e+02 4.071490371955577975e-02 4.511698272511065966e+01
2.247564733812889415e+02 4.056025312540491312e-02 4.496801240548549572e+01
2.248033471404269221e+02 3.498865199018595662e-02 4.496682953742753597e+01
2.247717587116351581e+02 2.947974704178491986e-02 4.490412708099093209e+01
2.247991130579438277e+02 2.882143708019678160e-02 4.492301535220627784e+01
2.245969429339307624e+02 2.584754795213355105e-02 4.478690820024326058e+01
2.244942215014482940e+02 2.127281618731948626e-02 4.471554740040710385e+01
2.244711346755890418e+02 1.995619626414321321e-02 4.466300590598079623e+01
2.244884973395918166e+02 2.898653703881729979e-02 4.466211979987377134e+01
2.245397243039678301e+02 2.340448653912869173e-02 4.469676571270935028e+01
2.247420762469226645e+02 2.658109333790318815e-02 4.490501736684375089e+01
2.247976187988246579e+02 3.091339984702130492e-02 4.491912818862356715e+01
2.248483713620537685e+02 3.018821395282738837e-02 4.490456804417155467e+01
2.247045964664429221e+02 3.925617243959222263e-02 4.475401987051147756e+01
2.244657448933955948e+02 2.901997500512018893e-02 4.457986449264155482e+01
2.241211666506443123e+02 2.279006390831309764e-02 4.431194069776676514e+01
2.240394923280766193e+02 1.833445489845307586e-02 4.424153287997024364e+01
2.239199766770184965e+02 1.686527425401987065e-02 4.419436862850001546e+01
2.240510200669595235e+02 1.616098708876526069e-02 4.431315909366391992e+01
2.239674941170078171e+02 1.622786302137103898e-02 4.419293288582188239e+01
2.240737662435370794e+02 1.752985383428979846e-02 4.438956902641181301e+01
2.239882340156071621e+02 1.511187089601210426e-02 4.432136602451839025e+01
2.241587571943874480e+02 1.722055264598807214e-02 4.446373234579872502e+01
2.241097789332452805e+02 1.971795075423512719e-02 4.437566092230270698e+01
2.241701804396256534e+02 1.817353468562041968e-02 4.439164844994127179e+01
2.240928844007707426e+02 2.468557862310814116e-02 4.434688964217196627e+01
2.242057500762803670e+02 2.409414459412578466e-02 4.441310099519747467e+01
2.242114345305518555e+02 1.981199503446200508e-02 4.441769871556412141e+01
2.242426718606974418e+02 1.776182972551609493e-02 4.446071665921278537e+01
2.240907192924526328e+02 1.958837863481142916e-02 4.432068054620918218e+01
2.243176753089877025e+02 1.885483324904179206e-02 4.452804818410944421e+01
2.242687513845407921e+02 1.884020413878427849e-02 4.447556938586995301e+01
2.242601724563112100e+02 2.151315157012150675e-02 4.443536441113651136e+01
2.242045922866971353e+02 2.055389991180736273e-02 4.436786151666255762e+01
2.242964986269535075e+02 1.956330016008426403e-02 4.445348778887267827e+01
2.242702811714991356e+02 1.736684374856321128e-02 4.446821512315621305e+01
2.242927640240920653e+02 1.776391959841002594e-02 4.448262688663275810e+01
2.241840885437347595e+02 2.056225940338308675e-02 4.437542267679279462e+01
2.240668592136226209e+02 1.658314141333924047e-02 4.426725503554873598e+01
2.237680450075026499e+02 1.143787434848212575e-02 4.399205012351148980e+01
2.237500512018858956e+02 1.054131887698590148e-02 4.397946908869002414e+01
2.234431032104627377e+02 1.522472403228435599e-02 4.369943657026779960e+01
2.235071473652972429e+02 1.225501465000898571e-02 4.381241927865946906e+01
2.235130470764767949e+02 1.298020054420290226e-02 4.382845069362881674e+01
2.235259645808341986e+02 1.138771739902779030e-02 4.384433790736847669e+01
2.234372243980121198e+02 1.244937282914453103e-02 4.376762494305096141e+01
2.238574539496507896e+02 1.549640750849533288e-02 4.411451667509582109e+01
2.240108568896839643e+02 1.654134395546062730e-02 4.424944513874665830e+01
2.241008468164966132e+02 1.978064694105304347e-02 4.433270776471375285e+01
2.240339374459245505e+02 2.337940806440152314e-02 4.423326116305606348e+01
2.241430434400979834e+02 2.289873729879748562e-02 4.438694832580282679e+01
2.241068384820835320e+02 2.465841027548704503e-02 4.436230663451048883e+01
2.241756078395312102e+02 2.823000305121442510e-02 4.447024229986332244e+01
2.240174650677745660e+02 3.243691718669670238e-02 4.420197367596102822e+01
2.242549770322968925e+02 3.965533816233296482e-02 4.438315729637323415e+01
2.241856308699304918e+02 3.958846222972718654e-02 4.425084117383980953e+01
2.241722577732822401e+02 3.892597252235119321e-02 4.421114403821959371e+01
2.241842473740747153e+02 4.079431888952513713e-02 4.428833558342981291e+01
2.242506217371859520e+02 3.763443107390208181e-02 4.438893370505206093e+01
2.241895452018608239e+02 3.860204222379194638e-02 4.441940196197267454e+01
2.242462497230918359e+02 3.761144247206885116e-02 4.448359658765554059e+01
2.240529970867171983e+02 2.963021789014792101e-02 4.426409305786022230e+01
2.242158316231206925e+02 2.689666414488670748e-02 4.445546898837612559e+01
2.241652232611212696e+02 2.266258166178333061e-02 4.435266187110499914e+01
2.240795468319616930e+02 2.659990219394856373e-02 4.438637570062989113e+01
2.232503458739639370e+02 1.987469122127992135e-02 4.374475546397268033e+01
2.229914127122788443e+02 8.277986532859072169e-03 4.360448110545916478e+01
2.230134148941061483e+02 6.549661649578472633e-03 4.365758268582104762e+01
2.231569139264949797e+02 1.195198308038905068e-02 4.371886193881687888e+01
2.231994031323014838e+02 1.601887573197798009e-02 4.374368544905098588e+01
2.234090424620374620e+02 1.524353288832973156e-02 4.392743752324983575e+01
2.233727309205054041e+02 1.596453903673578437e-02 4.388519492244481768e+01
2.234620270095172714e+02 1.269597783062834107e-02 4.392866218876567785e+01
2.233906515805708750e+02 1.336264728379219988e-02 4.390041964647710415e+01
2.234405201275658328e+02 1.181614134228356310e-02 4.394771555993964540e+01
2.232449059348210483e+02 9.431596370308758040e-03 4.378336377581515393e+01
2.232058378509419185e+02 6.614447709290320783e-03 4.379683300661653789e+01
2.231263641645315090e+02 6.804626142638004957e-03 4.374839811242680554e+01
2.231702577649227237e+02 4.723112740283135803e-03 4.382650293209167103e+01
2.230390994319725451e+02 3.661457310166395512e-03 4.373607831171707971e+01
2.229137175077011932e+02 2.112861495763827726e-03 4.354239516152627942e+01
2.227810126688094954e+02 4.102420490785750433e-03 4.337368808229083328e+01
2.229155231578815517e+02 5.134817700387462290e-03 4.345468946578669289e+01
2.228406618209480428e+02 6.896580549970950970e-03 4.331060944873333085e+01
2.229839267875727842e+02 6.886131185501297679e-03 4.338577381723643356e+01
2.229029525724245389e+02 1.732086654489673958e-02 4.324315671120882598e+01
2.229160163678845095e+02 1.188928689357113266e-02 4.326709620520880151e+01
2.226278521540319844e+02 7.274847543772387445e-03 4.304654146934783654e+01
2.224368210525435927e+02 8.353221957040572743e-03 4.291410204431366537e+01
2.215394965078224061e+02 3.594581377560616790e-03 4.218065488257003892e+01
2.211735785729511861e+02 3.949859769528817522e-04 4.194848254329171766e+01
2.209278262396080947e+02 6.332314868609691247e-04 4.174715254818202226e+01
2.209750740859940947e+02 4.932100029676195338e-04 4.179789884179244552e+01
2.208854624261752519e+02 1.264373100828007678e-03 4.169249192264126691e+01
2.209929278701269482e+02 1.051206065647087434e-03 4.176147862686991630e+01
2.210054942758381458e+02 1.214216151373673528e-03 4.174377949333121762e+01
2.211030244640520834e+02 1.759672976689557675e-03 4.184623342208326591e+01
2.210276657373698583e+02 3.640558581227089797e-03 4.177251315574986990e+01
2.212469958077149670e+02 3.772220573544717102e-03 4.198793516378334090e+01
2.212450752145254569e+02 2.863125864684909830e-03 4.200478998867288993e+01
2.213588186366505113e+02 3.577862394409172218e-03 4.211521469264239670e+01
2.212519759748212209e+02 2.357376624353706759e-03 4.191479170236866025e+01
2.214999979101270924e+02 1.019857972238128428e-03 4.212371629557490138e+01
2.213778072217647832e+02 1.364686999736675977e-03 4.199751723100200707e+01
2.212620240836952235e+02 1.063745303010670863e-03 4.182737649896133547e+01
2.210941905713294489e+02 2.971799255169300415e-03 4.164418242082516741e+01
2.212482873491634336e+02 1.719965391704876599e-03 4.173359763259198729e+01
2.212769875736157701e+02 2.436791794323069343e-03 4.170171662159507520e+01
2.212406070662782156e+02 4.012555956346735425e-03 4.167023059657511652e+01
2.210942678966265191e+02 5.864183340369239113e-03 4.152322684734314606e+01
2.212066111039126497e+02 4.181835660755113017e-03 4.163141120757035907e+01
2.210306020087858201e+02 2.524566455868154213e-03 4.152964693687329856e+01
2.211213526493318682e+02 3.638468708333159225e-03 4.159650615049592659e+01
2.208578092280427541e+02 2.158838699430300732e-03 4.134848212531714040e+01
2.207189016464018607e+02 1.396035093145634983e-03 4.130141609787293078e+01
2.205392206446003911e+02 1.517247720993609213e-03 4.115398183482480476e+01
2.203877299382651529e+02 1.521427466781470356e-03 4.109799413999640194e+01
2.202453510777474435e+02 2.994787857002537135e-03 4.089621273234161691e+01
2.202971067799656453e+02 1.682347679614125879e-03 4.098389752935226227e+01
2.203008037651150062e+02 1.047026319859226074e-03 4.089607480073061652e+01
2.203175102090290807e+02 6.039732663459407985e-04 4.091163181455303999e+01
2.201720864037049239e+02 2.647868956610058798e-03 4.085397431128238566e+01
2.203249376172941254e+02 9.529820396323495984e-04 4.099676487676019576e+01
2.202723041684604652e+02 2.422162684065555342e-03 4.096385146855368475e+01
2.203851782034616633e+02 2.137939970490994584e-03 4.106616328594894583e+01
2.204131699610029784e+02 4.982256979130529270e-03 4.099598535417075595e+01
2.203382751861031750e+02 2.629060100564683655e-03 4.087790126604500074e+01
2.204685474129463501e+02 3.446200402091544913e-03 4.105030115068401386e+01
2.205548069166433436e+02 3.793119302484022817e-03 4.115162445820045178e+01
2.206148991218354070e+02 6.430538894624428757e-03 4.125112748642627736e+01
2.208879869926311130e+02 5.356344227144105470e-03 4.146549410864831486e+01
2.209543947937086443e+02 6.792086905274421528e-03 4.148972827472633185e+01
2.210578267829750700e+02 9.224698953809630161e-03 4.157607764295775610e+01
2.209917261932129406e+02 1.092794536236306110e-02 4.147434472035411090e+01
2.212764128585699552e+02 9.237238191173212723e-03 4.160216134654690023e+01
2.212151022574807087e+02 9.155733148309919134e-03 4.157273802607325308e+01
2.212321974177530421e+02 6.430538894624428757e-03 4.163433076000317357e+01
2.210481548512219376e+02 8.566388992221493637e-03 4.154944848254329060e+01
2.210287064940710309e+02 6.612357836396390645e-03 4.153082771505837201e+01
2.208659513728375146e+02 5.546522660491788777e-03 4.142949395817746705e+01
2.206735137868914762e+02 4.300958415709156893e-03 4.138644466643538777e+01
2.204518200703033131e+02 1.111394404992288414e-02 4.123041893592031926e+01
2.206534635463470977e+02 4.025095193710318854e-03 4.136565461088656548e+01
2.206304059787083816e+02 4.626978587162328647e-03 4.130817265693900708e+01
2.207384524073245871e+02 5.032413928584863853e-03 4.142853261664625819e+01
2.206925274504804690e+02 7.118107076727593283e-03 4.135132226257999122e+01
2.210743367788371074e+02 4.775359562631400524e-03 4.159834314876969330e+01
2.210735300879000533e+02 6.907029914440603394e-03 4.165058579137216554e+01
2.211418793808960572e+02 6.850603346304477530e-03 4.171183369627459570e+01
2.209646706987280993e+02 8.541310517494326779e-03 4.162229936175281608e+01
2.211492900701779263e+02 7.983314454814857686e-03 4.179993437799112854e+01
2.210772855894904581e+02 6.156765545519521723e-03 4.168217004041814278e+01
2.210771831857186385e+02 2.858946118897048687e-03 4.157068577089141570e+01
2.208848542731631142e+02 5.161986048008560153e-03 4.145107607555308249e+01
2.209689716571438112e+02 6.417999657260845328e-03 4.153122270103532543e+01
2.209598096543768122e+02 5.279018930068673024e-03 4.149067498714727975e+01
2.209559789173622448e+02 6.825524871577310672e-03 4.150750055381631398e+01
2.208351006691773080e+02 5.377242956083411185e-03 4.141770707505569504e+01
2.209442672696646639e+02 2.833867644169881395e-03 4.153386221050035942e+01
2.208409564930260842e+02 2.570543659534627219e-03 4.142880430012246507e+01
2.208071590685854346e+02 1.561135051766151648e-03 4.139712600679626320e+01
2.203606305564495642e+02 1.533966704145054002e-03 4.102227177543061742e+01
2.201195052016936415e+02 1.134800981404310944e-03 4.085735572562477103e+01
2.196226943477297766e+02 4.890302571797582824e-04 4.049721419943239198e+01
2.189000810870682869e+02 1.483809754690719582e-04 3.995115758059594668e+01
2.184815882198044790e+02 4.200644516800488269e-04 3.959515191286065772e+01
2.187125254442024698e+02 6.687593260577891110e-05 3.980119875109195959e+01
2.187237564211344534e+02 2.298860183323650323e-05 3.978590506125417647e+01
2.188386116556391130e+02 1.462911025751413765e-05 3.983378822899991434e+01
2.187605590827965898e+02 3.636378835439228545e-04 3.975714423048790280e+01
2.190481360423659112e+02 2.737733491049074131e-04 4.001655388319282736e+01
2.189745307190416668e+02 4.785808927101053707e-04 3.998011067966846355e+01
2.189936405167837563e+02 4.346935619375629357e-04 4.001806277142224388e+01
2.184712287198692593e+02 8.443086491479587967e-04 3.953164485535990025e+01
2.185705248506785949e+02 7.398150044514292464e-04 3.962019276987573591e+01
2.185222717754306245e+02 5.224682234826477515e-04 3.957891569034771351e+01
2.186296912421786374e+02 3.928961040589511265e-04 3.963345719313351623e+01
2.185843807079653516e+02 7.941516996936246473e-04 3.959400039289610618e+01
2.188585114253351094e+02 1.368866745524537120e-03 3.984907355934612383e+01
2.189641294216485790e+02 6.854783092092338456e-04 3.992686489807690009e+01
2.189931891042386667e+02 3.866264853771593578e-04 3.989054081730748891e+01
2.188479262191273449e+02 1.312440177388411256e-03 3.970312101617979295e+01
2.194635923243148454e+02 1.214216151373673528e-03 4.021124853186429249e+01
2.195042090040083735e+02 1.306170558706619541e-03 4.019275106688011334e+01
2.198031653214851531e+02 2.507847472716709207e-03 4.040955030115068070e+01
2.201603559471512881e+02 7.951966361405899547e-03 4.067127553302208298e+01
2.200179645473962182e+02 3.857905362195871400e-03 4.057633260745081571e+01
2.200415717516060568e+02 4.321857144648462608e-03 4.062783543504883710e+01
2.195863138403922221e+02 4.313497653072740322e-03 4.033385301505962417e+01
2.190733461790853767e+02 2.204815903096773739e-03 3.993155248297798465e+01
2.191928722795079523e+02 2.982248619638953706e-03 4.006413610924183644e+01
2.191754594585557356e+02 2.904923322563521693e-03 4.006815284494397389e+01
2.192440281882055899e+02 1.765942595371349606e-03 4.011582284565452738e+01
2.192872572090165590e+02 5.609218847309706789e-03 4.022009287395140831e+01
2.197398547120364185e+02 4.031364812392110135e-03 4.056547571776684435e+01
2.199193434455316378e+02 3.030315696199357284e-03 4.070506877771693865e+01
2.201491124309819440e+02 2.593532261367863506e-03 4.087115515634339147e+01
2.199425849219850591e+02 3.857905362195871400e-03 4.070853169710218111e+01
2.202141910728989558e+02 6.923748897592048833e-03 4.094225263219490785e+01
2.201632838590757046e+02 4.484867230375048919e-03 4.086750832814347945e+01
2.202375558518531022e+02 1.540236322826845717e-03 4.089592015013646886e+01
2.201216473214099096e+02 2.570543659534627219e-03 4.077023101454969378e+01
2.203962649791639592e+02 2.025086834218742856e-03 4.097471253798344293e+01
2.203749942528495467e+02 1.922683062416143769e-03 4.097510543408749584e+01
2.204815317932363428e+02 2.873575229154562687e-03 4.110956785608298958e+01
2.204601377644211766e+02 2.580993024004280077e-03 4.104694063507057677e+01
2.208401017350124675e+02 5.686544144385138368e-03 4.140794527876814612e+01
2.208296816287633249e+02 2.967619509381439272e-03 4.138727643584716986e+01
2.209010382488536948e+02 5.786858043293806667e-03 4.143137902352778923e+01
2.207324586518647891e+02 3.947769896634886408e-03 4.128462396917019817e+01
2.208320724433540079e+02 3.550694046788074355e-03 4.136603496775325794e+01
2.207721223495186962e+02 5.910160544035711686e-03 4.136684165869031915e+01
2.204743865178119790e+02 3.540244682318421498e-03 4.124459663363274586e+01
2.201062574974189943e+02 4.528754561147591354e-03 4.093084610593983541e+01
2.200177012234115921e+02 1.755493230901696532e-03 4.089246768011569344e+01
2.199572516499546566e+02 2.766991711564102674e-03 4.077834599099682578e+01
2.200400085266814187e+02 9.508921667384189185e-04 4.080616846883372517e+01
2.199660604642025703e+02 3.433661164727961051e-03 4.074888923255687700e+01
2.204367813449586038e+02 1.529786958357192642e-03 4.104031573799681354e+01
2.204850971163933764e+02 2.357376624353706759e-03 4.101525607212569469e+01
2.206351165522112865e+02 1.554865433084359717e-03 4.111016555973066033e+01
2.204234646748784598e+02 3.301999172410334180e-03 4.093422125066353345e+01
2.204866854197927637e+02 1.947761537143310843e-03 4.095196427153300789e+01
2.202894578451738425e+02 1.243474371888701746e-03 4.083063252093007378e+01
2.202916166838732863e+02 9.697010227837942788e-04 4.087408306826778670e+01
2.200410639124928309e+02 4.346935619375629357e-04 4.066441030056552108e+01
2.201599337928267062e+02 2.654138575291850729e-04 4.075361234529715659e+01
2.201769056505983428e+02 3.678176293317840517e-04 4.074863217819092398e+01
2.201893090462237978e+02 4.702214011343830305e-04 4.077916313129835402e+01
2.202008618635814514e+02 2.549644930595321071e-04 4.075099582443395718e+01
2.202534785934319359e+02 2.551734803489251642e-03 4.075913169961003035e+01
2.202393698615250344e+02 5.132727827493532152e-03 4.072655267106654264e+01
2.203735229823322186e+02 3.456649766561197771e-03 4.085135570054629284e+01
2.201673800099478058e+02 4.029274939498179997e-03 4.065792751484854506e+01
2.202255286333485174e+02 3.939410405059164122e-03 4.072181910896179602e+01
2.201594468524424428e+02 3.494267478651948491e-03 4.064224510865248874e+01
2.199157572236456701e+02 1.673988188038403593e-03 4.049617344273121233e+01
2.194655359061061972e+02 2.037626071582326285e-03 4.017593385970265274e+01
2.193240619605515462e+02 7.607137333907351782e-04 4.014191281886235885e+01
2.191562033697110508e+02 7.439947502392904978e-04 4.006037851777854542e+01
2.191518501644729895e+02 7.523542418150127838e-05 4.006707656040359922e+01
2.190792291712818098e+02 1.153609837449686305e-03 3.993904885704851182e+01
2.192932864923155307e+02 6.269618681791773018e-04 4.006712044773436787e+01
2.192303186220214002e+02 5.350074608462312888e-04 4.000009404428022464e+01
2.193702418818887452e+02 3.322897901349640111e-04 4.011895556512252625e+01
2.192233300870641131e+02 8.004213183754163618e-04 3.994546058708709069e+01
2.192339758995858006e+02 3.281100443471028139e-04 3.992709060434944490e+01
2.194141793696107356e+02 1.233025007419048672e-03 4.007053738991594827e+01
2.192663981876622188e+02 4.827606384979665679e-04 3.991491918461519361e+01
2.193975335320105842e+02 1.467090771539275064e-03 3.999127478066783681e+01
2.196663497026110861e+02 1.887155223219323837e-03 4.022455057283416124e+01
2.196491040714903704e+02 2.173467809687814733e-03 4.021605732939322309e+01
2.197751380361046358e+02 2.334388022520470472e-03 4.033815815322112286e+01
2.197213969546372141e+02 4.016735702134596568e-03 4.025239812914578863e+01
2.198539722214094922e+02 3.251842222956000030e-03 4.043589314897867837e+01
2.197456687384273266e+02 2.685486668700809518e-03 4.035070783994917321e+01
2.197394973437715464e+02 2.188096919945328733e-03 4.038017295788070271e+01
2.194811597958612026e+02 2.478589252201681206e-03 4.023020785875802829e+01
2.196194320561423581e+02 1.613381874114416369e-03 4.038226701052042245e+01
2.195387880409113563e+02 1.425293313660663200e-03 4.028828960622615085e+01
2.194066098499889108e+02 1.387675601569912480e-03 4.014153037212276587e+01
2.190535697118901339e+02 1.220485770055465243e-03 3.982351232398045227e+01
2.188801123515667655e+02 8.129605557390000075e-04 3.973915251474405608e+01
2.184407625528215249e+02 9.195440733294601293e-04 3.941917416582723632e+01
2.184183528457799071e+02 3.260201714531722425e-04 3.942006236180715462e+01
2.181692859740270478e+02 2.403353828020179711e-04 3.916494739789926172e+01
2.183534643822962664e+02 3.887163582710899293e-04 3.937732446112627116e+01
2.183200159666289153e+02 1.692797044083778899e-04 3.933754164071741144e+01
2.183356816538418173e+02 3.887163582710899293e-04 3.930891038207056454e+01
2.183095268945742760e+02 2.194366538627120881e-03 3.928979222483688716e+01
2.184347667074888477e+02 6.018833934520102270e-04 3.942645528298968571e+01
2.183729587166508566e+02 1.588303399387249240e-04 3.937901307842457044e+01
2.183927644420666354e+02 2.591442388473933042e-04 3.934331804939623822e+01
2.181907991255971808e+02 1.126441489828588658e-03 3.917362664002775574e+01
2.183445343554205067e+02 2.110771622869896992e-04 3.932685612061074210e+01
2.183862273196544095e+02 4.597720366647300647e-04 3.929165430158537475e+01
2.184256862097647343e+02 7.523542418150127838e-04 3.930787380511517171e+01
2.183265698080242885e+02 4.137948329982570582e-04 3.919090988886055982e+01
2.187759091992025162e+02 7.878820810118328244e-04 3.954659998578886615e+01
2.187730084556257282e+02 8.066909370572081846e-04 3.956526046085877368e+01
2.188655145894026646e+02 2.094052639718452149e-03 3.966403621331750884e+01
2.188375876179210877e+02 1.960300774506894706e-03 3.961636830247984165e+01
2.189567647095703649e+02 5.997935205580796555e-04 3.966579588629419817e+01
2.188364778954143901e+02 1.187047803752575665e-03 3.954453310149676781e+01
2.187724170215967376e+02 1.086733904843907366e-03 3.954108899096756602e+01
2.184418597360908620e+02 1.293631321343035896e-03 3.922677419759330064e+01
2.181793215436637183e+02 1.473360390221066778e-03 3.910970787756688338e+01
2.176430977767932120e+02 1.701156535659501239e-03 3.879295211265250742e+01
2.175654610886565763e+02 1.538146449932915145e-03 3.876618502062704863e+01
2.173831907343395358e+02 1.207946532691881597e-03 3.859377259675066796e+01
2.175135737244460756e+02 9.258136920112518438e-04 3.869865077805967957e+01
2.174821963728166168e+02 7.001074194667480629e-04 3.859925851309723299e+01
2.176001738774247656e+02 5.057492403312030711e-04 3.873371257560115311e+01
2.174658619262776540e+02 6.771188176335115596e-04 3.861457519153685070e+01
2.179058240577808192e+02 9.383529293748353812e-04 3.896922871150976420e+01
2.179670824120476880e+02 1.304080685812688970e-03 3.903653724780458845e+01
2.181648491738732503e+02 2.215265267566426651e-04 3.918148874185472152e+01
2.181322304377447665e+02 3.949859769528817522e-04 3.919675108359909643e+01
2.183792638631718432e+02 2.340657641202262024e-04 3.938960037450522123e+01
2.183511446233840161e+02 2.110771622869896992e-04 3.939104029692914111e+01
2.184392118671342473e+02 5.663555542551901864e-04 3.945125998436775205e+01
2.183470568320034886e+02 5.788947916187737238e-04 3.933234412683020764e+01
2.186206964292431678e+02 4.952998758615501053e-04 3.955334400561757491e+01
2.186185480399082053e+02 4.639517824525912076e-04 3.949924137613950137e+01
2.187111210496177591e+02 9.529820396323495984e-04 3.959197112631609627e+01
2.185914737365673375e+02 1.055385811434948577e-03 3.942223373974395173e+01
2.185174671576474736e+02 5.203783505887171800e-04 3.932864923155374015e+01
2.185359980605979615e+02 1.922683062416143931e-04 3.936081446526421956e+01
2.180881612880304488e+02 2.223624759142148882e-03 3.894314082817483325e+01
2.174877136372565758e+02 8.234099202086528650e-04 3.850134587814368814e+01
2.172711129409109390e+02 4.764910198161747992e-04 3.834100038035686708e+01
2.165896910749888207e+02 6.687593260577891110e-05 3.785909658974541259e+01
2.165895865813441219e+02 3.761771209075063919e-05 3.786245501548595627e+01
2.164088961709348951e+02 6.269618681791774102e-05 3.773589231302952385e+01
2.164108731906925414e+02 0.000000000000000000e+00 3.778587162328787485e+01
2.164649423822043275e+02 1.358417381054884208e-04 3.783984468064652162e+01
2.165237994725160888e+02 1.337518652115578222e-04 3.787893993287327987e+01
2.163767915435383316e+02 3.343796630288945555e-05 3.774714209881754812e+01
2.165690828383817745e+02 1.671898315144472778e-05 3.790749386622305650e+01
2.165738686473088705e+02 0.000000000000000000e+00 3.792582832112150726e+01
2.165778895627567806e+02 0.000000000000000000e+00 3.796865399646393513e+01
2.164773186094821824e+02 1.734594501962390600e-04 3.787522622874076461e+01
2.167567617837483169e+02 2.319758912262956038e-04 3.810747380344327695e+01
2.167714494104468486e+02 1.776391959841002572e-04 3.813175185685206969e+01
2.169112681766694948e+02 3.301999172410333854e-04 3.825523408666285263e+01
2.168468353054767306e+02 8.443086491479587967e-04 3.819905203365531321e+01
2.173485260126479091e+02 1.049116192753156646e-03 3.855253313493473399e+01
2.172977003038675150e+02 8.213200473147222935e-04 3.848506576829997528e+01
2.173768960371830303e+02 7.439947502392904978e-04 3.846972610125852299e+01
2.172585235465978997e+02 9.132744546476683064e-04 3.838181350810243941e+01
2.173710423032071049e+02 1.038666828283503788e-03 3.842668098926223053e+01
2.172354555295947023e+02 4.681315282404524048e-04 3.837891694427145239e+01
2.171205689469966558e+02 4.430530535132853301e-04 3.834520102487366700e+01
2.165553816316891584e+02 2.507847472716709505e-05 3.795943974687459388e+01
2.162207992509895575e+02 2.089872893930591141e-05 3.777213279888317032e+01
2.153670819940731178e+02 2.507847472716709505e-05 3.716709160748843033e+01
2.155183344548984508e+02 2.298860183323650323e-05 3.728499805641821041e+01
2.154924471993613224e+02 1.128531362722519176e-04 3.723452553615688743e+01
2.158080054671074777e+02 0.000000000000000000e+00 3.746268322960597885e+01
2.159247123289961507e+02 4.451429264072159016e-04 3.751419023694978705e+01
2.160545435926586890e+02 1.358417381054884208e-04 3.762689708211946282e+01
2.159747689645515720e+02 1.504708483630025568e-04 3.755143595166541814e+01
2.161088572992990464e+02 1.044936446965295638e-04 3.769179808484047811e+01
2.159781211206734497e+02 2.925822051502827733e-04 3.758626786318856006e+01
2.157857525005329080e+02 1.149430091661825162e-04 3.750937516980216913e+01
2.153986328051528005e+02 3.803568666953675891e-04 3.724750782657398673e+01
2.153145175110449827e+02 3.093011883017275079e-04 3.713255854778912379e+01
2.154190863911656777e+02 2.277961454384344337e-04 3.715986273714832322e+01
2.154870657766594775e+02 2.277961454384344337e-04 3.719465494108648329e+01
2.154540583241727347e+02 2.800429677866992360e-04 3.712854808170567367e+01
2.162234262212172382e+02 7.063770381485397773e-04 3.766522535099415592e+01
2.162563563484068823e+02 7.941516996936246202e-05 3.765803827811192406e+01
2.163008936296494369e+02 6.938378007849562400e-04 3.767458380181317068e+01
2.161408239950846166e+02 5.412770795280231117e-04 3.759049985579876818e+01
2.162570480963347848e+02 7.523542418150127838e-05 3.774572307512256941e+01
2.160638351675451077e+02 5.015694945433419010e-05 3.762416561824709760e+01
2.157971987343729836e+02 3.970758498468123101e-05 3.748727894369464764e+01
2.150848007724170259e+02 7.314555128757069334e-05 3.683986557937546280e+01
2.151850457055201957e+02 0.000000000000000000e+00 3.699337719279913728e+01
2.152162851255386613e+02 6.269618681791773763e-06 3.699073768333409618e+01
2.152760220523387886e+02 0.000000000000000000e+00 3.703116627446718923e+01
2.152046152752989485e+02 5.015694945433419010e-05 3.695712416770812325e+01
2.153455855614861605e+02 8.359491575722363888e-06 3.713028476608052841e+01
2.152817106863560639e+02 8.359491575722363888e-06 3.710695133521979017e+01
2.153437757315600152e+02 4.806707656040359828e-05 3.716922954745892582e+01
2.148743777403458353e+02 7.941516996936246202e-05 3.691343537486049797e+01
2.149454793959431527e+02 1.462911025751413765e-05 3.699540854925203348e+01
2.150668529440039549e+02 0.000000000000000000e+00 3.709460227628955664e+01
2.148949065617829035e+02 2.236163996505732636e-04 3.689568608437235042e+01
2.149731806611521847e+02 1.713695773023084614e-04 3.695016280109843620e+01
2.153931176305857207e+02 1.358417381054884208e-04 3.720656303683610133e+01
2.155082403688207648e+02 2.277961454384344337e-04 3.724883907560742102e+01
2.156422179403048744e+02 2.507847472716709505e-05 3.736669954733353194e+01
2.155716220339479037e+02 2.089872893930591141e-05 3.732464921483475706e+01
2.160121066336745344e+02 1.671898315144472778e-05 3.764532558129814532e+01
2.159550384745599843e+02 1.044936446965295638e-04 3.762332966908952869e+01
2.160332289790135007e+02 4.179745787861182283e-05 3.772094554209213157e+01
2.156890373627475981e+02 4.597720366647300647e-05 3.750791225877642177e+01
2.155871623287871728e+02 0.000000000000000000e+00 3.748945450137722446e+01
2.151254843280431714e+02 0.000000000000000000e+00 3.715827443374893591e+01
2.144888003711614317e+02 0.000000000000000000e+00 3.666126713173304807e+01
2.141627195933943426e+02 0.000000000000000000e+00 3.634125952459571351e+01
2.145525582134094691e+02 0.000000000000000000e+00 3.669026829788212041e+01
2.145776931147047719e+02 0.000000000000000000e+00 3.665064012806740834e+01
2.146891920133417386e+02 0.000000000000000000e+00 3.674003444110529415e+01
2.146974114834335694e+02 0.000000000000000000e+00 3.672160176218082484e+01
2.149373748688604735e+02 0.000000000000000000e+00 3.687861809244761702e+01
2.149731952902624528e+02 2.507847472716709641e-04 3.692496520361631696e+01
2.151158980810787114e+02 0.000000000000000000e+00 3.702089245932062767e+01
2.148058675271369964e+02 0.000000000000000000e+00 3.679118617005713787e+01
2.151989412703919413e+02 1.128531362722519176e-04 3.712464837888559543e+01
2.152625110240795152e+02 0.000000000000000000e+00 3.712186884793666763e+01
2.153545552959469092e+02 0.000000000000000000e+00 3.721737603918929693e+01
2.152783752492173335e+02 3.552783919682004737e-05 3.713991072062997034e+01
2.157160531496474505e+02 0.000000000000000000e+00 3.741988054286538556e+01
2.157818653369502044e+02 8.986453443901541434e-05 3.741802682560846449e+01
2.158937822101659663e+02 2.591442388473933042e-04 3.753747978047974954e+01
2.158026198646598175e+02 2.110771622869896992e-04 3.744076882244021931e+01
2.160345017116059125e+02 8.150504286329306061e-05 3.766291813131925181e+01
2.159088648228414797e+02 1.253923736358354753e-05 3.759765140084179791e+01
2.159523174600520861e+02 0.000000000000000000e+00 3.763228477444001641e+01
2.156388553348185440e+02 1.253923736358354753e-05 3.740967569352432065e+01
2.155319646059126626e+02 0.000000000000000000e+00 3.737350208360327741e+01
2.151733089793478655e+02 0.000000000000000000e+00 3.710270053375353427e+01
2.147213384381961987e+02 0.000000000000000000e+00 3.682111941951690426e+01
2.143283691885859525e+02 1.003138989086683802e-04 3.647525590493586378e+01
2.145733879765432732e+02 3.343796630288945555e-05 3.675288088978428647e+01
2.145625707944442695e+02 3.343796630288945555e-05 3.684292097354639139e+01
2.145523910235779397e+02 3.343796630288945555e-05 3.686729725098119559e+01
2.143586409974545290e+02 3.134809340895887051e-05 3.669671137601410749e+01
2.141691062449581864e+02 6.269618681791773763e-06 3.648805010679250671e+01
2.141562305380586793e+02 0.000000000000000000e+00 3.641408950507629783e+01
2.142684420833524825e+02 0.000000000000000000e+00 3.651185584892726865e+01
2.141849098637820816e+02 8.359491575722364566e-05 3.650757369936760455e+01
2.144822527993847530e+02 1.170328820601131012e-04 3.675294776571688971e+01
2.145165726920488680e+02 0.000000000000000000e+00 3.679056129806185282e+01
2.146514635379876097e+02 0.000000000000000000e+00 3.693212719802381372e+01
2.145907631797834085e+02 5.224682234826478192e-05 3.676088928271382628e+01
2.147687137668287107e+02 0.000000000000000000e+00 3.682478087682707013e+01
2.147254722067803812e+02 0.000000000000000000e+00 3.675495195382217162e+01
2.147679091657645358e+02 0.000000000000000000e+00 3.679939101103870769e+01
2.145953671697687355e+02 3.134809340895887051e-05 3.664946561950102222e+01
2.147095599145660003e+02 1.671898315144472778e-05 3.679000121212627761e+01
2.146316181049868419e+02 2.089872893930591141e-05 3.673635835468486732e+01
2.146585774653185581e+02 2.089872893930591141e-05 3.674285994925788401e+01
2.142926490810828852e+02 1.233025007419048834e-04 3.651180360210491926e+01
2.141684291261405519e+02 2.089872893930590972e-06 3.642512403395625142e+01
2.140394672496018700e+02 0.000000000000000000e+00 3.637881454049964702e+01
2.129524742005191342e+02 0.000000000000000000e+00 3.552269183988229884e+01
2.128384381961889176e+02 0.000000000000000000e+00 3.549762799426538606e+01
2.132440031097308690e+02 0.000000000000000000e+00 3.581767948873349638e+01
2.134132222078253278e+02 0.000000000000000000e+00 3.591093170713357097e+01
2.135561736935159729e+02 0.000000000000000000e+00 3.601515784809967613e+01
2.135209697846177050e+02 0.000000000000000000e+00 3.601122679718619679e+01
2.139691910937976616e+02 0.000000000000000000e+00 3.629931577561452372e+01
2.139251010453544097e+02 0.000000000000000000e+00 3.625100836367132473e+01
2.140488131611835456e+02 0.000000000000000000e+00 3.632712362434116926e+01
2.138979055293856959e+02 0.000000000000000000e+00 3.612858987916354891e+01
2.142455370764349993e+02 0.000000000000000000e+00 3.636776538250943247e+01
2.142639864743426301e+02 0.000000000000000000e+00 3.637200573461122133e+01
2.144052263541331342e+02 0.000000000000000000e+00 3.648652240970704241e+01
2.143496984313414089e+02 5.851644103005655060e-05 3.646190370701653904e+01
2.146420110428883845e+02 8.150504286329306061e-05 3.671687864944053814e+01
2.147224523404486547e+02 5.851644103005655060e-05 3.676244832789269879e+01
2.148154955715593246e+02 0.000000000000000000e+00 3.682553532094178195e+01
2.146606945065601053e+02 0.000000000000000000e+00 3.673200514944681316e+01
2.150537598903234766e+02 5.433669524219536697e-05 3.698049939602673675e+01
2.149778306283411951e+02 0.000000000000000000e+00 3.690902992280009443e+01
2.151187026905023743e+02 0.000000000000000000e+00 3.697877943063502926e+01
2.150079268878866685e+02 0.000000000000000000e+00 3.681844647208556864e+01
2.149182546217539027e+02 2.089872893930591141e-05 3.676204080267837782e+01
2.147490710514986461e+02 0.000000000000000000e+00 3.670231850498852566e+01
2.143730861988973970e+02 0.000000000000000000e+00 3.644654314124615269e+01
2.138474580875991080e+02 0.000000000000000000e+00 3.597725800316824518e+01
2.141182345589741374e+02 8.359491575722363888e-06 3.632413510610284391e+01
2.142353071486192277e+02 0.000000000000000000e+00 3.644347938758365046e+01
2.142875456114759061e+02 0.000000000000000000e+00 3.653660830348298560e+01
2.141409222191106210e+02 0.000000000000000000e+00 3.644570719208857668e+01
2.144202650794778720e+02 0.000000000000000000e+00 3.660104535442154372e+01
2.143862482183833720e+02 0.000000000000000000e+00 3.655951749014624852e+01
2.144685515926921369e+02 0.000000000000000000e+00 3.657838486263265310e+01
2.143479178596357713e+02 0.000000000000000000e+00 3.645436344561523612e+01
2.145881466589202091e+02 8.359491575722363888e-06 3.664343633620202922e+01
2.145277556019042891e+02 8.359491575722363888e-06 3.660533586347278145e+01
2.145849094458075115e+02 0.000000000000000000e+00 3.663014265472374120e+01
2.145652583709858732e+02 8.819263612387094088e-04 3.659034729507751393e+01
2.150585498789963594e+02 1.024037718025989653e-04 3.694536027318818583e+01
2.151138813537360761e+02 1.880885604537531959e-05 3.698740015632249367e+01
2.152719112723564194e+02 0.000000000000000000e+00 3.711673403023628026e+01
2.151618397569059766e+02 7.523542418150127838e-05 3.700330826879109480e+01
2.155526731564186207e+02 0.000000000000000000e+00 3.737233593452846492e+01
2.155249844304469491e+02 0.000000000000000000e+00 3.739231720926733260e+01
2.156274320895803100e+02 1.650999586205166927e-04 3.749063527956229791e+01
2.154159954691555754e+02 1.671898315144472778e-05 3.730123009918536781e+01
2.155330785081651470e+02 1.170328820601131012e-04 3.739297342935602586e+01
2.154564407792718157e+02 8.150504286329306061e-05 3.736183223336356463e+01
2.153188937048848572e+02 0.000000000000000000e+00 3.724450258935251412e+01
2.148043001224665431e+02 0.000000000000000000e+00 3.685946649724763802e+01
2.142825612646238937e+02 0.000000000000000000e+00 3.643732262203812411e+01
2.132547220678038400e+02 0.000000000000000000e+00 3.579233560014879600e+01
2.130315111034946938e+02 0.000000000000000000e+00 3.560963473201559992e+01
2.136747927891025540e+02 0.000000000000000000e+00 3.609341522848580297e+01
2.141972526530936420e+02 0.000000000000000000e+00 3.638092113237672720e+01
2.145991122219946590e+02 0.000000000000000000e+00 3.669509590426710588e+01
2.146511249785787925e+02 0.000000000000000000e+00 3.671168113555333434e+01
2.155596198939180397e+02 1.462911025751413765e-05 3.745054315796513578e+01
2.157542225881821878e+02 0.000000000000000000e+00 3.753663756170350041e+01
2.159927251524562166e+02 0.000000000000000000e+00 3.770067795476678896e+01
2.160871999464992541e+02 0.000000000000000000e+00 3.771565398392469604e+01
2.163332699405222286e+02 6.060631392398714242e-05 3.786338918866954373e+01
2.166293276042950993e+02 1.358417381054884208e-04 3.810108088226073875e+01
2.166642681892087410e+02 2.612341117413238757e-04 3.811824709821148360e+01
2.167517523584215553e+02 2.236163996505732636e-04 3.810159917073843872e+01
2.165989262233071031e+02 3.155708069835192766e-04 3.798789754607124536e+01
2.167656730017680218e+02 0.000000000000000000e+00 3.808179344532265276e+01
2.167010604015063677e+02 3.761771209075063919e-05 3.804375775865312193e+01
2.167563521686610954e+02 0.000000000000000000e+00 3.806271499567396432e+01
2.165989241334341955e+02 8.568478865115423070e-05 3.795933943297568902e+01
2.167285861173923536e+02 5.433669524219536697e-05 3.807595016071122274e+01
2.166784960438706094e+02 5.433669524219536697e-05 3.805362404858536252e+01
2.166421594238638306e+02 7.105567839364009474e-05 3.790490869345326530e+01
2.164830929282881016e+02 9.404428022687659797e-05 3.775072623083064371e+01
2.165017784818327300e+02 7.523542418150127838e-05 3.779550175758310360e+01
2.164207478401163769e+02 0.000000000000000000e+00 3.779896258709545265e+01
2.164685202445987215e+02 0.000000000000000000e+00 3.786683538907163893e+01
2.163588646138541947e+02 6.060631392398714242e-05 3.774278680370660055e+01
2.163404820918791813e+02 2.298860183323650323e-05 3.779845892772801363e+01
2.161814950114734017e+02 5.015694945433419010e-05 3.769982528662606569e+01
2.160812103707852430e+02 7.314555128757069334e-05 3.768763087828997982e+01
2.160113751781616713e+02 3.970758498468123101e-05 3.764605703681102256e+01
2.161519233100242730e+02 2.340657641202262024e-04 3.776439190968405057e+01
2.160928969400081030e+02 1.044936446965295638e-04 3.771134675589030394e+01
2.160163887832341914e+02 3.970758498468123101e-05 3.769372703752157605e+01
2.158666598397485359e+02 6.227821223913161588e-04 3.754169296423391700e+01
2.161162512695977966e+02 4.221543245739793984e-04 3.769359746540215639e+01
2.161640905500127587e+02 2.842227135745603790e-04 3.769723175436470086e+01
2.162483333263670886e+02 2.424252556959485697e-04 3.778147244084614442e+01
2.160923055059791125e+02 2.863125864684910047e-04 3.764056485084577020e+01
2.165104974315462130e+02 4.744011469222441735e-04 3.791085647170939410e+01
2.165058620934674707e+02 1.400214838933496180e-04 3.791858064192535949e+01
2.164970825374400647e+02 1.316619923176272399e-03 3.790906127089350264e+01
2.165761445188903735e+02 8.171403015268611505e-04 3.790697975749115045e+01
2.168359157196059357e+02 6.938378007849562400e-04 3.815507901809412061e+01
2.167987494200602612e+02 3.260201714531722425e-04 3.813951782452591033e+01
2.166663037254074311e+02 8.025111912693470417e-04 3.809576006587279551e+01
2.163273388812492328e+02 9.592516583141413129e-04 3.787534117174993753e+01
2.163968313347182288e+02 3.824467395892981606e-04 3.792475203658113259e+01
2.162787681453214077e+02 2.006277978173367604e-04 3.774127791547718402e+01
2.163261706423015482e+02 1.588303399387249240e-04 3.775768132782164344e+01
2.162174199265200798e+02 7.105567839364010287e-04 3.765236009345911583e+01
2.164929759372035107e+02 3.531885190742698887e-04 3.798990382404942068e+01
2.165274212222412586e+02 3.740872480135758204e-04 3.803835752709520079e+01
2.167343938741645673e+02 3.072113154077968822e-04 3.818790256176619380e+01
2.169015356386024678e+02 1.149430091661825162e-04 3.825188193054098207e+01
2.175972459655003775e+02 3.699075022257146232e-04 3.880269718995690909e+01
2.177915351788304292e+02 4.054353414225346638e-04 3.895810013834958596e+01
2.181587258462940326e+02 1.047026319859226074e-03 3.918488687518025415e+01
2.181961847280448410e+02 1.621741365690138655e-03 3.918272385673503067e+01
2.188502856856246126e+02 1.481719881796789064e-03 3.961979151428010226e+01
2.189143381999506914e+02 9.864200059352390675e-04 3.958979556863351235e+01
2.189985475383387268e+02 8.380390304661670823e-04 3.964757010478622590e+01
2.187658255624892831e+02 2.622790481882891940e-03 3.949223403232615226e+01
2.189466643538739845e+02 1.485899627584650207e-03 3.966925880567944063e+01
2.189156987072046263e+02 1.301990812918758181e-03 3.969322546802703755e+01
2.189478472219319656e+02 3.615480106499922830e-04 3.971494133726786657e+01
2.186834699413581689e+02 1.903874206370768625e-03 3.949405640148965801e+01
2.185862720429343540e+02 6.520403429063444849e-04 3.939901316201948589e+01
2.186110453962189979e+02 4.514125450890076703e-04 3.945596428825199098e+01
2.178535291683559763e+02 2.758632219988380388e-04 3.885594715129425936e+01
