2.524901752819024239e+02 1.874495605990526226e+00 7.457747332493340764e+01
2.525976490853123551e+02 1.924376784318729161e+00 7.474326544283002249e+01
2.525829997288632853e+02 1.894551747236798089e+00 7.467039346720044080e+01
2.526721399065375806e+02 1.948499976076173423e+00 7.479340180864129195e+01
2.526414615863091910e+02 1.952606899631573079e+00 7.459118167753871376e+01
2.526338697586883484e+02 2.026786711111820072e+00 7.463421266686869160e+01
2.524390580392031893e+02 1.975143144228775682e+00 7.418697267899010228e+01
2.524424791463978579e+02 2.084498955326241187e+00 7.414734684763712380e+01
2.523039841145791797e+02 2.069530614523357848e+00 7.364709166015407504e+01
2.522793664970733118e+02 2.012711526499625148e+00 7.362571173383945222e+01
2.522022919025821750e+02 1.965661334311552100e+00 7.361596676183033594e+01
2.520110209094243885e+02 1.651517568063286534e+00 7.340260610217069370e+01
2.519039458364567281e+02 1.556524027496451357e+00 7.314758608590248912e+01
2.518470549769533875e+02 1.564371042600360528e+00 7.319220402239270129e+01
2.517535526882406316e+02 1.565327995661812688e+00 7.300806232954273867e+01
2.517673726853697929e+02 1.594307724206127652e+00 7.308357390070017345e+01
2.516323944560519408e+02 1.559809566340770948e+00 7.283680760458699410e+01
2.517817748289446342e+02 1.628478923108821474e+00 7.293545351600504034e+01
2.517812006571077745e+02 1.635353035933587496e+00 7.303410740203193541e+01
2.517800283896074802e+02 1.628207786408076618e+00 7.309254533565128042e+01
2.517051707363753792e+02 1.663750618032185491e+00 7.297842070846425599e+01
2.517493500693790907e+02 1.706207435525287419e+00 7.311999393929727376e+01
2.517201151533517418e+02 1.690314040096333237e+00 7.304197036635352447e+01
2.516986634555574938e+02 1.759725035487009315e+00 7.303551890779756661e+01
2.516541252651557556e+02 1.750426641573230802e+00 7.288428045104387820e+01
2.517215346337262076e+02 1.788194389065216328e+00 7.309682770060128121e+01
2.516815499449751883e+02 1.883746152251231987e+00 7.308130911178807310e+01
2.517462319973205354e+02 1.943866728336975047e+00 7.318300929839391245e+01
2.516433595432144159e+02 2.016236303609308056e+00 7.310953922710091035e+01
2.517836727858498591e+02 2.065423690967957970e+00 7.339555654795132966e+01
2.518198535861816083e+02 2.043206430724572975e+00 7.327765195617155314e+01
2.518888339526946254e+02 1.918906202650759951e+00 7.331679133638495216e+01
2.518713615847142648e+02 1.794215218743520524e+00 7.325364838354678909e+01
2.519309159635719766e+02 1.784462272125552307e+00 7.328944640265395094e+01
2.518517679707810260e+02 1.737268536978261224e+00 7.313380596181757198e+01
2.517429384838673627e+02 1.631979776391967896e+00 7.292701637984656315e+01
2.515209732212634890e+02 1.456402813442000621e+00 7.238731877701398787e+01
2.513341440852326230e+02 1.157969026619244390e+00 7.199838115440437036e+01
2.510016268202044785e+02 9.550790283736583230e-01 7.128963779326623751e+01
2.509838753409145227e+02 9.010510534458284759e-01 7.127244453659548640e+01
2.508091117880667866e+02 9.311153287931226430e-01 7.093108343035774510e+01
2.508398140321217227e+02 1.015949217690872208e+00 7.062351871640696288e+01
2.507769023429400761e+02 9.723121580886457949e-01 7.055331026013173812e+01
2.507904990510215555e+02 1.013748225649531820e+00 7.047505542353147234e+01
2.505801687427231741e+02 9.714907733775658416e-01 7.013763377406338861e+01
2.506869487551635700e+02 9.693854766423707359e-01 7.030928722946138976e+01
2.506035821942933808e+02 9.342254262428427714e-01 7.021170991562863151e+01
2.506256319877510066e+02 9.506371712467504009e-01 7.015700409894894563e+01
2.505352318218791368e+02 1.008006507280817976e+00 7.004653981722196932e+01
2.505898658670792258e+02 1.052512799247196984e+00 7.027785132139268853e+01
2.506301216925309916e+02 1.059729820252316657e+00 7.028386417646214568e+01
2.506369878307469037e+02 1.071468444472798653e+00 7.034400070176558017e+01
2.504811480246893893e+02 1.046651461745801370e+00 7.015189237467902217e+01
2.506847238392956854e+02 1.016244278218153330e+00 7.041731128088167679e+01
2.506477455780793946e+02 9.909807173958117277e-01 7.031140847541428229e+01
2.507017974768337751e+02 1.017671733201486406e+00 7.047827716550503396e+01
2.506239652945023124e+02 1.129324231646437804e+00 7.036117003460979902e+01
2.506670202076588225e+02 1.140520582465430088e+00 7.048917845579674690e+01
2.508066077608893352e+02 1.149723281073063319e+00 7.068711622194931010e+01
2.507809374950158769e+02 1.211167642227148677e+00 7.071461267324838218e+01
2.507187833936745278e+02 1.162929233321105649e+00 7.062331137657697866e+01
2.506052568621509238e+02 1.093079634443930415e+00 7.050874814590343931e+01
2.501609754541539701e+02 8.807317501076572519e-01 6.977078581795562684e+01
2.500170337644938456e+02 7.845340436051612132e-01 6.961705928324215620e+01
2.498558509705098913e+02 7.096524665465159254e-01 6.922206095791001701e+01
2.499717858339048462e+02 7.319973205314279641e-01 6.936520518668559987e+01
2.499940828402367003e+02 7.365029745290992969e-01 6.937885771702897841e+01
2.500267627872852927e+02 8.106189891385827684e-01 6.947232810730633901e+01
2.501285666438061241e+02 8.842964002615671948e-01 6.956444281407996755e+01
2.503427167897414733e+02 9.591381042759852260e-01 6.995664205170736238e+01
2.503271025056220935e+02 9.780060288042871086e-01 6.998348458508110070e+01
2.503143032584251841e+02 1.026794685720665345e+00 7.010598255155584013e+01
2.501588462335922429e+02 1.051101293481554677e+00 6.972848051803059377e+01
2.502845978404759251e+02 1.068613534506132501e+00 7.002876441410548125e+01
2.502867749086907168e+02 9.772962886170433183e-01 7.011675624810602869e+01
2.503821273066556046e+02 9.718815292109922455e-01 7.033581875309016596e+01
2.503926298665050467e+02 1.000486451139571686e+00 7.037703153160337877e+01
2.506921960477838525e+02 1.031244517456418652e+00 7.078510024083318797e+01
2.506898913858275364e+02 1.023580918355954550e+00 7.075458141278170388e+01
2.508039920891880286e+02 1.029657570296176994e+00 7.082585846664221663e+01
2.507140863490645870e+02 1.090272572130337014e+00 7.054145999138742695e+01
2.508249174627984530e+02 1.137920859981817800e+00 7.070301759198711977e+01
2.508209939552465073e+02 1.053892406577457308e+00 7.075502001626820459e+01
2.507134962280100297e+02 9.761479449433004829e-01 7.059471442925725171e+01
2.506175696582082537e+02 9.643853968962822210e-01 7.041676103287133515e+01
2.506284629738911178e+02 9.583645672179779140e-01 7.045251120432543246e+01
2.503255634061149237e+02 8.928053078996475156e-01 7.002353307070288224e+01
2.501081037975087327e+02 8.123335300403514703e-01 6.976068996315730431e+01
2.499518333625735522e+02 8.098853251248026019e-01 6.959229014816823167e+01
2.495338123415046425e+02 7.045407422765913585e-01 6.915245059729819843e+01
2.492862725083334681e+02 7.229222156653216658e-01 6.870842437678432191e+01
2.492893826057831745e+02 6.965820826488460238e-01 6.866772994784605544e+01
2.490635815563246638e+02 7.108725816998676672e-01 6.831245314917303801e+01
2.491094754302301340e+02 7.653870077672689787e-01 6.853305475366433086e+01
2.490251040686454189e+02 7.761527297086078248e-01 6.840656150815802050e+01
2.490740203193033437e+02 7.245649850874814613e-01 6.845263082345810801e+01
2.490000717714796110e+02 7.314789709564746278e-01 6.827362477870460111e+01
2.488940812453149078e+02 6.647155457024832570e-01 6.821138295666597173e+01
2.488555559099826269e+02 5.185569147833298809e-01 6.785589881816297009e+01
2.488487455940285997e+02 4.987400118024211126e-01 6.784723041834797641e+01
2.486488540487088983e+02 4.840109092649005351e-01 6.747918627091341648e+01
2.476588382589833941e+02 2.502113271344040824e-01 6.613663694795769743e+01
2.480048405875691913e+02 3.199492814877430424e-01 6.646865978723744206e+01
2.484851353291120972e+02 4.067927718145424865e-01 6.704846967256256107e+01
2.485736933603406840e+02 3.936585910461091742e-01 6.707622131134468191e+01
2.480218504282364904e+02 3.566564060032855199e-01 6.622880747699325354e+01
2.476056954656374103e+02 3.006427534729421702e-01 6.585817158168391927e+01
2.487280817875883088e+02 4.684045997543820339e-01 6.724025104068645931e+01
2.485887175234054780e+02 5.100719309717858252e-01 6.695385093861146686e+01
2.485833107386082759e+02 5.526802660329510619e-01 6.699823761144516254e+01
2.486958962662881447e+02 5.734461474664667158e-01 6.716556882884894719e+01
2.485504712993827638e+02 5.642274996411426047e-01 6.707163591125855362e+01
2.482557377310643005e+02 4.726151932247723009e-01 6.673280275602481026e+01
2.481017320850412204e+02 3.367996299781495506e-01 6.658086253369272356e+01
2.478543437694381169e+02 3.003875659898881945e-01 6.631203049490422075e+01
2.477222284246957713e+02 2.560248169827269993e-01 6.610614204373275982e+01
2.470956713823186988e+02 1.755929121676581828e-01 6.529072234006922315e+01
2.464543692881864274e+02 1.139491857924368745e-01 6.456026411904495887e+01
2.463807476993253545e+02 9.427582577074594683e-02 6.448778289924878493e+01
2.459307086237419924e+02 1.335188758991371349e-01 6.394325268345587432e+01
2.450357900444983272e+02 7.746535032456658421e-02 6.320682148040638282e+01
2.452796376337740583e+02 1.461107832660807904e-01 6.342722371967654738e+01
2.459070080862533700e+02 2.050670664603901072e-01 6.401743249493611643e+01
2.460416354327820159e+02 2.292859535239796520e-01 6.421757125313003201e+01
2.461459672403068737e+02 2.862246606803936499e-01 6.432935134531651045e+01
2.472327309845452135e+02 4.732850603677889456e-01 6.561618207626915478e+01
2.473924464505016090e+02 5.477519577664715644e-01 6.583720633502926489e+01
2.475124643136254292e+02 5.572656661190769078e-01 6.604496084467056960e+01
2.474099746407438829e+02 5.375843314885404567e-01 6.588782915198009960e+01
2.478135775690202536e+02 5.126317804111708565e-01 6.635825132777237911e+01
2.478323577728512532e+02 4.735083494154611605e-01 6.632983779645608990e+01
2.479923523501172156e+02 3.357948292636246390e-01 6.651565415716359553e+01
2.479190975932630465e+02 3.741845962455541685e-01 6.640503038325969953e+01
2.479506531204644375e+02 3.011930014832772673e-01 6.633441522193336937e+01
2.470818115121453218e+02 2.554506451458555816e-01 6.524533884112983628e+01
2.469221917414950838e+02 2.719899838912901435e-01 6.510950732866552926e+01
2.468769836839503000e+02 3.265283337852278311e-01 6.501688224692578899e+01
2.465676326576181339e+02 2.849726470916601473e-01 6.473801815020972583e+01
2.459771926187020483e+02 2.454584602625241307e-01 6.403728129635241828e+01
2.464308521667012144e+02 3.256989744653024932e-01 6.451114850316591287e+01
2.455517552114068849e+02 2.647889121038612958e-01 6.341573230833027708e+01
2.460339957575080803e+02 3.299494409799199612e-01 6.383564331169556283e+01
2.469740984704700111e+02 5.205505669946889347e-01 6.520848019904623527e+01
2.466962311998596533e+02 3.387454345364359631e-01 6.476786711111819272e+01
2.469213703567839957e+02 3.871433356193878517e-01 6.505871704492894025e+01
2.472774286671238713e+02 4.386034864989872273e-01 6.552801480087401842e+01
2.470165074403100505e+02 3.659787237436003537e-01 6.512427630424727454e+01
2.471360149284677448e+02 3.407709851831767778e-01 6.534199110033652858e+01
2.470470661414057645e+02 4.115615879041132907e-01 6.524016331998915064e+01
2.470240514202778286e+02 2.825164675672658388e-01 6.518444472798609013e+01
2.470753919520247450e+02 2.899408284023668458e-01 6.525892757460246685e+01
2.471392286958324576e+02 2.715753042313274745e-01 6.531614539306846723e+01
2.470176079363307338e+02 3.361457120528237863e-01 6.517737922454904265e+01
2.471803059059953114e+02 3.178439847525478812e-01 6.545828482112952429e+01
2.471356241726343228e+02 2.768544952870061748e-01 6.545207260083893175e+01
2.470207658814335048e+02 3.149970493947271688e-01 6.527045088438411824e+01
2.469294007878913533e+02 3.276288298058980253e-01 6.522896696917015902e+01
2.469729740506228097e+02 3.662817588797269708e-01 6.531674348873187341e+01
2.468424616022583962e+02 3.903810268106349124e-01 6.520901449783887927e+01
2.469723121580886414e+02 4.335236606644444213e-01 6.526915102314231376e+01
2.469168567281774926e+02 4.408124531491730558e-01 6.520557744142649881e+01
2.470262922853634109e+02 4.636357836648112296e-01 6.539349112426035049e+01
2.468966650185808476e+02 4.246638702371648422e-01 6.517580025199764293e+01
2.468679644013461143e+02 3.932359367773010650e-01 6.517335204708209062e+01
2.464184357007288781e+02 2.803393993524617711e-01 6.477807461044035620e+01
2.462914241056476214e+02 1.852262396529450184e-01 6.467833617761048970e+01
2.460360452319813760e+02 1.615655752085360108e-01 6.455295140273369725e+01
2.459583406433914377e+02 1.310467471570519460e-01 6.446492767029776871e+01
2.457643742324438847e+02 1.690537329144005396e-01 6.410646102808657076e+01
2.456082473404679547e+02 1.280562688400133931e-01 6.380564283321903218e+01
2.454671366369479699e+02 1.601062217898212015e-01 6.351842932104180051e+01
2.454025981275618449e+02 1.417247484010909220e-01 6.342920142267021788e+01
2.452500039873044102e+02 1.771240370659819263e-01 6.329829821847238236e+01
2.455961259350228829e+02 2.149077337756583050e-01 6.372283449496801921e+01
2.456142920939727787e+02 1.806089411314374948e-01 6.374143128279558113e+01
2.456735833107386213e+02 2.187514952391585166e-01 6.378340962375795442e+01
2.456167323242794964e+02 2.015662131772436583e-01 6.405043940094738275e+01
2.457655464999441790e+02 2.212794462431617593e-01 6.432341026172666432e+01
2.459684683966251555e+02 2.307772053780761945e-01 6.460784861002568391e+01
2.457446051771160569e+02 2.256495318904607750e-01 6.430116907765673773e+01
2.457540630632067575e+02 2.442064466737906558e-01 6.412078342557298072e+01
2.461378809869376028e+02 2.957303944241534976e-01 6.444517456418762436e+01
2.462802915516993778e+02 3.000685816360707525e-01 6.466889424073748671e+01
2.463942566867095252e+02 3.017671733201486295e-01 6.472408650855675205e+01
2.462789837158487387e+02 3.078836983045981635e-01 6.439888993444871801e+01
2.466363418874304330e+02 3.311137338713536216e-01 6.481924751590933909e+01
2.465805276001212007e+02 3.311855053509625280e-01 6.472741989505415461e+01
2.465486929616102429e+02 3.135616198025487078e-01 6.472117577632816676e+01
2.462881465414121465e+02 3.011451538302046260e-01 6.437156094993540023e+01
2.458559307165983512e+02 2.420692515032137615e-01 6.395795786216685741e+01
2.456096987192778158e+02 2.151310228233305200e-01 6.372241981530805788e+01
2.448480518030590645e+02 1.876505207419575938e-01 6.282431139252619801e+01
2.447044290977527510e+02 2.075232459847844435e-01 6.266547313354279680e+01
2.447519577664715484e+02 1.940940046890700099e-01 6.268599977671095047e+01
2.448353642003859818e+02 1.672594459241774079e-01 6.284118566484313817e+01
2.448532034003732178e+02 1.650903523182187804e-01 6.297860412446769374e+01
2.447440389798880460e+02 1.790618670154228986e-01 6.287073159061547756e+01
2.450200082935932073e+02 1.897956905213799284e-01 6.314490661733042032e+01
2.449809805579036208e+02 2.016060862214708316e-01 6.309576707762484205e+01
2.450567074434999029e+02 2.219971610392510175e-01 6.299661079124069119e+01
2.447422127944624322e+02 2.378666326416689347e-01 6.265079985326719481e+01
2.447618303322222175e+02 2.116301695401840433e-01 6.257531220593629939e+01
2.446724349670648735e+02 1.905772021882326805e-01 6.260349447359607211e+01
2.446975390357102924e+02 2.003540726327373567e-01 6.251777540311647385e+01
2.446963906920365446e+02 2.328187052425078618e-01 6.253316639818817180e+01
2.448707874128774051e+02 2.413674859248153837e-01 6.264646166605528066e+01
2.451186143319670236e+02 2.299558206669962968e-01 6.300777524362430171e+01
2.452050271934161572e+02 2.410245777444616211e-01 6.301708958675576611e+01
2.451139970334455143e+02 2.875962934018086448e-01 6.291145791798912512e+01
2.454200226478891125e+02 3.119108757715434166e-01 6.331929536356241783e+01
2.453896473627968646e+02 3.270785817955629282e-01 6.327262795259892414e+01
2.454237228663934047e+02 3.463292875484457745e-01 6.323171820922183883e+01
2.453034418411776869e+02 3.535542831624108873e-01 6.319332844223990975e+01
2.453289526148742539e+02 2.801320595224804366e-01 6.318058501730489951e+01
2.451440932072281953e+02 2.450437806025614340e-01 6.299698559785642260e+01
2.448171501937829930e+02 2.140703998468874991e-01 6.257225793074849918e+01
2.444951594124308087e+02 1.709357406019234860e-01 6.233045981594602836e+01
2.445331982966235387e+02 1.798035056380484498e-01 6.237532496531045467e+01
2.444943699261551160e+02 2.061356640456785683e-01 6.225444584443133067e+01
2.445729118486738116e+02 1.800586931211023978e-01 6.228292317261838207e+01
2.446274900716119873e+02 1.818848785467072904e-01 6.238176047464872198e+01
2.453302763999425906e+02 2.408252125233257268e-01 6.313268951657921235e+01
2.454375986857844509e+02 2.738321185345858888e-01 6.321672594459241878e+01
2.456241407358969013e+02 3.021579291535750333e-01 6.341934480613726066e+01
2.456551938627410436e+02 3.549737635368985234e-01 6.343808513692403039e+01
2.459280371297787724e+02 2.799247196924991021e-01 6.379763632593821399e+01
2.458538014960366240e+02 2.712802437040462977e-01 6.370756311902901103e+01
2.459443531794765363e+02 2.470693312493022209e-01 6.391638622625560373e+01
2.458008022456498622e+02 2.688798864415700152e-01 6.367645416992296248e+01
2.459088262970701351e+02 2.695816520199684208e-01 6.378175090511810197e+01
2.458747507934735665e+02 2.438077162315188395e-01 6.372107210641318176e+01
2.459054849359638979e+02 2.450118821671797009e-01 6.375742037353067815e+01
2.457135201518365477e+02 2.313434026061021720e-01 6.352217738719915729e+01
2.459115536132952684e+02 2.788002998452925874e-01 6.379537153702610652e+01
2.458020223608031927e+02 3.025486849870013817e-01 6.368609547201710086e+01
2.457971897478428787e+02 2.726279525989250274e-01 6.367251471315331912e+01
2.457839439225506055e+02 2.614953986506962091e-01 6.365497854830220348e+01
2.456687108247340348e+02 2.234325906314295340e-01 6.344767061675624831e+01
2.456659276862469881e+02 2.173240402558254403e-01 6.354780778002839270e+01
2.450862772930987603e+02 1.717730745306942641e-01 6.304255251279924721e+01
2.445967080814685914e+02 1.403291918531396065e-01 6.269180529195043050e+01
2.448330754876473350e+02 1.296033429560280170e-01 6.289963954768018795e+01
2.449471283433547626e+02 1.350500007974608785e-01 6.316331998915453028e+01
2.450578876856090176e+02 1.407996937750203292e-01 6.313099092489513708e+01
2.450187004577425398e+02 1.509513708352605288e-01 6.297321328888818215e+01
2.454431171151055082e+02 1.966777779549913063e-01 6.330825053031148997e+01
2.453983715848737575e+02 1.690457583055550994e-01 6.323022695736774068e+01
2.453965294502304744e+02 1.707762484250147650e-01 6.328702212156493800e+01
2.453514250626006685e+02 1.786631365731510823e-01 6.319754701031914124e+01
2.454109794414584087e+02 1.476020351201773606e-01 6.328097736806009976e+01
2.452426832963843140e+02 1.281758879726949407e-01 6.309592656980175462e+01
2.450173926218919007e+02 1.422191741495079653e-01 6.275895149842899912e+01
2.449744493532592173e+02 1.619722802596532674e-01 6.271872757141262156e+01
2.451381521236383492e+02 1.512703551890779707e-01 6.288841129842581523e+01
2.452702993668160616e+02 1.710952327788322069e-01 6.308059139699197715e+01
2.454594491140209698e+02 1.943651413898148383e-01 6.335971865579993079e+01
2.454434281248504703e+02 2.355858945118741998e-01 6.325639164898962008e+01
2.457328107306336733e+02 2.512400516754653146e-01 6.360461889344327346e+01
2.457178344152219438e+02 2.534729421521874082e-01 6.348491204006443667e+01
2.458292556500103672e+02 2.372047401074977302e-01 6.362367023397502663e+01
2.458120863171661483e+02 2.675720505909185420e-01 6.354978548302205610e+01
2.460353673902295100e+02 2.980430309893299934e-01 6.380283577090543901e+01
2.460584299590105104e+02 3.087529306687507025e-01 6.370864766583198957e+01
2.461513740251040758e+02 3.195425764366257582e-01 6.377439034115376870e+01
2.459028612896537425e+02 3.149332525239637026e-01 6.343389846728018000e+01
2.458808752930668788e+02 2.768943683312333759e-01 6.356046348426609427e+01
2.456873235617792943e+02 2.123159859008915684e-01 6.354624475669468353e+01
2.456087337916075342e+02 1.731606564698001671e-01 6.358536818769039201e+01
2.455848976857685102e+02 2.101229684683966203e-01 6.356742531778816385e+01
2.455278951817413429e+02 1.294438507791192960e-01 6.355139635400883691e+01
2.455570663008979295e+02 1.293880285172012423e-01 6.362088709548796572e+01
2.456857445892279088e+02 1.533118550535096380e-01 6.365905357342222715e+01
2.453529561874989895e+02 1.451378809869375841e-01 6.335175202156334251e+01
2.455085089076380882e+02 1.319797763919679789e-01 6.336054004051101174e+01
2.455836057991355403e+02 1.618526611269717197e-01 6.343411378171900594e+01
2.456449066173304061e+02 1.596596436944767994e-01 6.341721558557552640e+01
2.455729357725003581e+02 1.880014035311567966e-01 6.332887286878578692e+01
2.456873953332589053e+02 2.110400484856217729e-01 6.356460230625688013e+01
2.457153622864798592e+02 2.401633199891545223e-01 6.358559147673806677e+01
2.457580344184117678e+02 2.229301902741670505e-01 6.366442048517519936e+01
2.457260562369415879e+02 2.394376305842198516e-01 6.361882167179700076e+01
2.459680696661828847e+02 3.289605894830858746e-01 6.381676741255841279e+01
2.460655752085360177e+02 3.315044897047799699e-01 6.381405604555096289e+01
2.463174931019633505e+02 3.737140943236734181e-01 6.403350930636852922e+01
2.463305555112521859e+02 3.714174069761878028e-01 6.404633247739198509e+01
2.465399687395333217e+02 3.722547409049586364e-01 6.434623359224229944e+01
2.463976538700776757e+02 3.443834829901593064e-01 6.416920525048246304e+01
2.464184117769023317e+02 3.108981004481730093e-01 6.424404695449688063e+01
2.461633040399368326e+02 3.464249828545910015e-01 6.381341010223448507e+01
2.459498955326241116e+02 2.369734764509800751e-01 6.357929153575017267e+01
2.454734046795004758e+02 2.185042823649500088e-01 6.302033525255586000e+01
2.455031818689293175e+02 2.308410022488396884e-01 6.309089459162028390e+01
2.455790363482671239e+02 2.560646900269542003e-01 6.326062616628654212e+01
2.460138917686087439e+02 3.143271822517105796e-01 6.366443643439288991e+01
2.460192905787970972e+02 3.301089331568286545e-01 6.370552959377342717e+01
2.460961179604140341e+02 3.405476961355045629e-01 6.377949409081484333e+01
2.458596468843203127e+02 2.901242444058119152e-01 6.351804653981722026e+01
2.459394408204277624e+02 2.753871672594458975e-01 6.357083845037401204e+01
2.460467710808784716e+02 3.020462846297389259e-01 6.372176589738273123e+01
2.458597744780618370e+02 2.500279111309590130e-01 6.355002472128742141e+01
2.456699229652785448e+02 2.465828801097306178e-01 6.324914272954911354e+01
2.459592896218440501e+02 2.714556850986459269e-01 6.367644619531412076e+01
2.463924544251104578e+02 3.457311918850380361e-01 6.409503341361106266e+01
2.469680537169651870e+02 4.280849774318569723e-01 6.469631892055694777e+01
2.473539609882135153e+02 5.479752468141437793e-01 6.511815180465397646e+01
2.475298649101261503e+02 5.700170656629292010e-01 6.532791591572433276e+01
2.475075200561412601e+02 5.420979600950572852e-01 6.525658303960190665e+01
2.475268505079825729e+02 5.404870891082792506e-01 6.525935022887126991e+01
2.473079474951753696e+02 4.438109060750570212e-01 6.499449751989665458e+01
2.472880986937590819e+02 4.436992615512209137e-01 6.498405875691797462e+01
2.472146286224660798e+02 4.421920604794334908e-01 6.483651254405971542e+01
2.473670552959377460e+02 4.479656772835292622e-01 6.516684476626421940e+01
2.473167355141230246e+02 4.587154500071771723e-01 6.512077545096413189e+01
2.475399926633598682e+02 4.792979154372478123e-01 6.529850555830236658e+01
2.473703248855643722e+02 4.694492735131342021e-01 6.509224230051515292e+01
2.472097641110703421e+02 4.649356449066173180e-01 6.503707395652243406e+01
2.470345699293449684e+02 4.497599642737523662e-01 6.478483707874129038e+01
2.468459225824973373e+02 4.188583549976873655e-01 6.459784845053350466e+01
2.468684508524856938e+02 3.779486116206000057e-01 6.472759533644874352e+01
2.469442734333881049e+02 3.629164739469529222e-01 6.479671127131214803e+01
2.468494952072600768e+02 3.644874718895038113e-01 6.478112091101931469e+01
2.469647681781208632e+02 3.829566659755339053e-01 6.491518206031993543e+01
2.468822469257882801e+02 4.021993971195713113e-01 6.482988564410915444e+01
2.470261726662307353e+02 4.084993381074658036e-01 6.489815627043493862e+01
2.468749102856504862e+02 4.679819454855739247e-01 6.478647187355460346e+01
2.470749134754940144e+02 4.325108853410740140e-01 6.496111580726964974e+01
2.470349766343960880e+02 4.791942455222571451e-01 6.490770187722291951e+01
2.471363658112569510e+02 5.007974608845435771e-01 6.494099586915261568e+01
2.470515079985326850e+02 5.321137498205712468e-01 6.473824941386625653e+01
2.471869886282077857e+02 4.027655943475972333e-01 6.504779183081069505e+01
2.471598749581333152e+02 3.562895739963954922e-01 6.513823984433562941e+01
2.471787428826615951e+02 3.272300993636262367e-01 6.514069602386003055e+01
2.468280275602481595e+02 2.797413036890540328e-01 6.485606628494872439e+01
2.470078230912773734e+02 3.116237898531076800e-01 6.493549338904927026e+01
2.470419464425270064e+02 3.181709437152107633e-01 6.495255905197849700e+01
2.469805339798082855e+02 4.084514904543932179e-01 6.500161087098678081e+01
2.468479959807971511e+02 3.708671589658527057e-01 6.473794637873012903e+01
2.468147897095647352e+02 3.416721159827110221e-01 6.469407805547137968e+01
2.463318872709293714e+02 3.325172650281503772e-01 6.402779948643518537e+01
2.461761511347868350e+02 2.467503468954847790e-01 6.392413754605336607e+01
2.457965916521794725e+02 2.309287229461395030e-01 6.349780698256750355e+01
2.454182443101165916e+02 2.154021595240753484e-01 6.311987432016459820e+01
2.450920828083382617e+02 2.173559386912072011e-01 6.282397645895468941e+01
2.450020494744732673e+02 1.914464345523851918e-01 6.275041069235553692e+01
2.448990175281902282e+02 1.610791240689644077e-01 6.264653343753489168e+01
2.448874463707555265e+02 1.628494872326512466e-01 6.273371983604204161e+01
2.449944177738081805e+02 1.680489321998756003e-01 6.283097019091213298e+01
2.449840268584825935e+02 1.824590503835786803e-01 6.274625592114706762e+01
2.450274645528636768e+02 2.147641908164404645e-01 6.276193400213719542e+01
2.455445780634459823e+02 2.298760745785419224e-01 6.330777205378075934e+01
2.454606054323035380e+02 2.392621891896202502e-01 6.320927765993077685e+01
2.455782548366002516e+02 2.462878195824494687e-01 6.336441570040989291e+01
2.453476530726167937e+02 2.421170991562863750e-01 6.308262492224756102e+01
2.454299669851193926e+02 2.094690505430708560e-01 6.306669165377438446e+01
2.453472304183479764e+02 1.788385779677506837e-01 6.301283912024115352e+01
2.453210577521172695e+02 1.661430006858163611e-01 6.288381792373083812e+01
2.451498987224676682e+02 1.595639483883315446e-01 6.284330691079602360e+01
2.448615368666166887e+02 1.182634491778178226e-01 6.253856520837653221e+01
2.446579371281838746e+02 1.169556133271663079e-01 6.234750952965757165e+01
2.446207355779199020e+02 1.485430389639388060e-01 6.225279510040032704e+01
2.443256112537680167e+02 1.169795371537026146e-01 6.184363386975869048e+01
2.446045471219636624e+02 1.341249461713902857e-01 6.214975517950844619e+01
2.446806727380021869e+02 1.633598621987591426e-01 6.220318505877286697e+01
2.447918866329606544e+02 1.680648814175664807e-01 6.228380037959138349e+01
2.446730091389017332e+02 2.042536563581556219e-01 6.211955533581078015e+01
2.444235952726518804e+02 1.506642849168248199e-01 6.200563007384487690e+01
2.441743967208408321e+02 1.089810044817301760e-01 6.173660664444408752e+01
2.440263640568430219e+02 9.439544490342748062e-02 6.155828641605129548e+01
2.439735801208950647e+02 7.171565734700713346e-02 6.163196382717427468e+01
2.440434137705545652e+02 7.480183097019091343e-02 6.167544139459959496e+01
2.439389703185058806e+02 6.942694460836695836e-02 6.154536754972168922e+01
2.441332955868514603e+02 9.144483963061611487e-02 6.180785179986921918e+01
2.440214995454472842e+02 6.873315363881402074e-02 6.169717220370340982e+01
2.441241407358969013e+02 8.377326592130655836e-02 6.178784350627601896e+01
2.442058166796918499e+02 1.095073286655289524e-01 6.186623391122665083e+01
2.443360181183113014e+02 9.872565750649930916e-02 6.197343657793584981e+01
2.442538238249413780e+02 1.211103845356385211e-01 6.190852326193400046e+01
2.442197722451713844e+02 1.179923124770729942e-01 6.188227084961482660e+01
2.442827317820060955e+02 9.926793090798896602e-02 6.189423276288297870e+01
2.442508971434951093e+02 9.567935692754270249e-02 6.181671956490534114e+01
2.441158232188711281e+02 1.056077449401106871e-01 6.177526754812676302e+01
2.442470533820316234e+02 9.697124356050335070e-02 6.183776455764844826e+01
2.441718528206191365e+02 9.196318920556946497e-02 6.173292237515750003e+01
2.442190465557664538e+02 1.175935820348011918e-01 6.175710936378570892e+01
2.440937973492400204e+02 1.063812819981179991e-01 6.167665353514409787e+01
2.440437885771702895e+02 1.085424009952311863e-01 6.159628542719979549e+01
2.440166749070958190e+02 9.374152697810173018e-02 6.164480294741542821e+01
2.440167706024019481e+02 9.611796041404169211e-02 6.156669962838322618e+01
2.439874399910684417e+02 1.236223863219509111e-01 6.151239254214581109e+01
2.437622370372733087e+02 8.729006842214388773e-02 6.122398283864176705e+01
2.435282301153128515e+02 6.317485127354503793e-02 6.101218520231582687e+01
2.435832788401728806e+02 7.161198743201646622e-02 6.103211374982057436e+01
2.434222236399304506e+02 7.265666119076859275e-02 6.090089156126892078e+01
2.435002551874830488e+02 5.390038118630281067e-02 6.098866010622178635e+01
2.436105998500773637e+02 6.217005055902007776e-02 6.103921115169301004e+01
2.435913491443244823e+02 5.113319191693647264e-02 6.102378028357708928e+01
2.435587409687554725e+02 5.545542991116285403e-02 6.099116413339925913e+01
2.440270817716391036e+02 8.264884607410007133e-02 6.149039857095009154e+01
2.440491395397055783e+02 8.177163910110209211e-02 6.154154771208472141e+01
2.441479130448651631e+02 1.077289908929967011e-01 6.161219477184643978e+01
2.441034705497695256e+02 1.303370069698081279e-01 6.156257675561013798e+01
2.442357214628622444e+02 1.206877302668304119e-01 6.183650456945086660e+01
2.443246622753154043e+02 1.326895165792117970e-01 6.179876872039426416e+01
2.444298154675513217e+02 1.690617075232459798e-01 6.204322237994226441e+01
2.443477966155760157e+02 1.980175122410245681e-01 6.186780490916920172e+01
2.447521013094307705e+02 2.165505031978181560e-01 6.222344853984912305e+01
2.445987735051595848e+02 1.834479018804127670e-01 6.200304630057895849e+01
2.448803250450565372e+02 2.138630600169061646e-01 6.220148646708879170e+01
2.448917367103143476e+02 2.168934113781718909e-01 6.228976538700776899e+01
2.449629340180864006e+02 1.917813681238935142e-01 6.244630695864368164e+01
2.450362685210290294e+02 2.014864670887892839e-01 6.259305571061739215e+01
2.450979521204484968e+02 2.087672849646724782e-01 6.262089507009681455e+01
2.446709915628638328e+02 1.699548637139348395e-01 6.223729246080479527e+01
2.450370101596516577e+02 1.686151294279015500e-01 6.268962024912678288e+01
2.449817381457439467e+02 1.531842613119826502e-01 6.254989712754589704e+01
2.447675162283289865e+02 1.539657729788353746e-01 6.251570200481666717e+01
2.438716406960238601e+02 9.159635719867940951e-02 6.159865388602688796e+01
2.433305236128167905e+02 4.286352254421920555e-02 6.114615863091915315e+01
2.432288553246463323e+02 2.941833203081388806e-02 6.111829534761319849e+01
2.434823123175808348e+02 5.785578717363912965e-02 6.116717172522687918e+01
2.434730936697554853e+02 6.634077098518317839e-02 6.122490789326783300e+01
2.437207850204947306e+02 5.932311520119937925e-02 6.137050032695896107e+01
2.436980573852852388e+02 6.328649579738114539e-02 6.137553230514043179e+01
2.438032424759565515e+02 4.987320371935756447e-02 6.139842740713567792e+01
2.436961594283800423e+02 5.205027193416163211e-02 6.138167275395142042e+01
2.436571556165170023e+02 5.323051404328617980e-02 6.129935884144882863e+01
2.433711303210577626e+02 4.410756152410724024e-02 6.120313721111979532e+01
2.433188248616405360e+02 3.352525558621349822e-02 6.116554490502240782e+01
2.432708575894352521e+02 3.578206988947191941e-02 6.119770650249605382e+01
2.433114642976761957e+02 2.491267803314247548e-02 6.130086604252061733e+01
2.430216191645799881e+02 1.878817843984752559e-02 6.099891545319702146e+01
2.428712579147992869e+02 1.345316512225075423e-02 6.065726726104084321e+01
2.426161182793983926e+02 2.168296145074084108e-02 6.037990239078773413e+01
2.425880317070447632e+02 2.216941259031244421e-02 6.028931083430357774e+01
2.426403690648973566e+02 3.260817556898833874e-02 6.026025933427965242e+01
2.427817668543357854e+02 2.834175983668001109e-02 6.035468667761846007e+01
2.427448523899902568e+02 7.704269605575846114e-02 6.020563326368841928e+01
2.425990047688160871e+02 5.015231502894783311e-02 5.998686581923156780e+01
2.422111038453563765e+02 2.988085934384918443e-02 5.962304023987623225e+01
2.419007480183097130e+02 3.477726917494696618e-02 5.932877717347964364e+01
2.410515319223592030e+02 1.417885452718544229e-02 5.848623582513278052e+01
2.404517217180497255e+02 1.730490119459640423e-03 5.797147482415987696e+01
2.401849790267787341e+02 2.639595527839359683e-03 5.764477902358889594e+01
2.401424663870237168e+02 1.882007687522927039e-03 5.770915804079810130e+01
2.400747938563613388e+02 4.824638351488859736e-03 5.756217802516786719e+01
2.401384471841656136e+02 4.011228249254374448e-03 5.765296097226431016e+01
2.401138614650951411e+02 4.681095392271008779e-03 5.764507408411617462e+01
2.402351632402430539e+02 7.145249525510774004e-03 5.782935931992535927e+01
2.401732882502113284e+02 1.566213177243656191e-02 5.775939807652434865e+01
2.402767587999808541e+02 1.441011818370308874e-02 5.787865037719900130e+01
2.403008819917382937e+02 1.135584299590105054e-02 5.781637665672499082e+01
2.404395285411250711e+02 1.406721000334933656e-02 5.795328474138343466e+01
2.403312493022217211e+02 9.354216175696582550e-03 5.771169396641094806e+01
2.404139300467311955e+02 3.891609116572831983e-03 5.779979744493532934e+01
2.400696263098295162e+02 5.271216446833282623e-03 5.743839614666900673e+01
2.396123143909791224e+02 4.059075902326990566e-03 5.701979297915437428e+01
2.393702850125201280e+02 1.378809869375907139e-02 5.681269238743839622e+01
2.393104275985263030e+02 7.615751447391505384e-03 5.661273704524793260e+01
2.393078199014338452e+02 1.013572784254932260e-02 5.657585447933778511e+01
2.392124116812070440e+02 1.728097736806009574e-02 5.655409974640743798e+01
2.391538222300196139e+02 2.441825228472543560e-02 5.636077130416752823e+01
2.392328266798513425e+02 1.654731335427997094e-02 5.631554729740506104e+01
2.389158918005071826e+02 1.165090352318218746e-02 5.613258584666422024e+01
2.390715641397789568e+02 1.463340723137530018e-02 5.635947144292572375e+01
2.388144946490374707e+02 1.018357549562193959e-02 5.606528812261758787e+01
2.386429289143367498e+02 7.408411617410165691e-03 5.595775849694572202e+01
2.385689803665130171e+02 6.674747603630041756e-03 5.581120911019314690e+01
2.384217770618351153e+02 5.566276974114419546e-03 5.573296224820172284e+01
2.383406274422239619e+02 1.257595814925277847e-02 5.564375029904783077e+01
2.383572146286224722e+02 6.802341345157020096e-03 5.557406816695640828e+01
2.383856042361122149e+02 4.122872773090480170e-03 5.543173734828306465e+01
2.382998293433707033e+02 2.448204915548892174e-03 5.541164133399256997e+01
2.381016922119970047e+02 1.023142314869455657e-02 5.543025407103781532e+01
2.383355077433451754e+02 4.019202858099810323e-03 5.563196382717427468e+01
2.383617362318378241e+02 9.681175138359462973e-03 5.578224533086652315e+01
2.385486451139571500e+02 8.285618590408140582e-03 5.588948787061994494e+01
2.387207610966682125e+02 2.291105121293800576e-02 5.601069395046172872e+01
2.385753441043716805e+02 1.123622386321950981e-02 5.573715689245442206e+01
2.388215282540391513e+02 1.389176860874974037e-02 5.599841305283975856e+01
2.390923858434743750e+02 1.623630360930796226e-02 5.633085057177945743e+01
2.391235984624954085e+02 3.031946283034817058e-02 5.624550630791559769e+01
2.393770634300387599e+02 2.138790092345970589e-02 5.666230721383116276e+01
2.394330132856983369e+02 2.792708017671733170e-02 5.663296065327995876e+01
2.395519625512368691e+02 4.044721606405205644e-02 5.673104834207882163e+01
2.394857254501666830e+02 4.457008883714253661e-02 5.655672339271758631e+01
2.398168870316910954e+02 4.244884288425652963e-02 5.691184069921370536e+01
2.397822852039107602e+02 4.049506371712467689e-02 5.682964640584379623e+01
2.397543660983428708e+02 2.567824048230434378e-02 5.692322844064498355e+01
2.396611827939839543e+02 3.748066157354981720e-02 5.680291551699389174e+01
2.395876329766024924e+02 2.625241231917574414e-02 5.672434169603980791e+01
2.394316336783680867e+02 2.264788912103861407e-02 5.663004992105137347e+01
2.392671015486690465e+02 1.736072345651445969e-02 5.645167387039665385e+01
2.393010175600886669e+02 4.443452048677012239e-02 5.658836664061627886e+01
2.395861257755307179e+02 1.775147928994082885e-02 5.688280514840747060e+01
2.395038756598988812e+02 1.782325076954975260e-02 5.677235681589817773e+01
2.397128582593023793e+02 1.997639515781751002e-02 5.704319048150688332e+01
2.397233209461076058e+02 3.071021866377454321e-02 5.693505478556276955e+01
2.399023987623407095e+02 2.142777396768688614e-02 5.715879041133032246e+01
2.399601668288170515e+02 3.028756439496642708e-02 5.724970095216829691e+01
2.399105647617984403e+02 3.107705067066460561e-02 5.722724445365955148e+01
2.398169827269972529e+02 3.587776519561715338e-02 5.718189285315555281e+01
2.398673264326384924e+02 3.362892550120416546e-02 5.732416784956697597e+01
2.397137992631461429e+02 2.527153543118710113e-02 5.715848737619419495e+01
2.395409894894655451e+02 1.123622386321950981e-02 5.690229509242571737e+01
2.394569211630169434e+02 2.042297325316193291e-02 5.672982025231662107e+01
2.394961961115807298e+02 2.653152362876600931e-02 5.684391298106827861e+01
2.395035168025008261e+02 2.078183065120655856e-02 5.684839471123941479e+01
2.394764749039059666e+02 2.715354311871002665e-02 5.677886409671605605e+01
2.393711622194931294e+02 2.244054929105727264e-02 5.662005773616804305e+01
2.392887765355109195e+02 1.169077656740936944e-02 5.655196255123686200e+01
2.391033270068103036e+02 1.028724541061261030e-02 5.640380229349750607e+01
2.389049665863889516e+02 6.547153862103063417e-03 5.622727635209493258e+01
2.383855882868945173e+02 6.618925341711988895e-03 5.567013030510853611e+01
2.380202076588143427e+02 4.489704779980541703e-03 5.529719772245171328e+01
2.376487344295762227e+02 2.559849439384998329e-03 5.486436785275682126e+01
2.368728368873506724e+02 7.017655783983795664e-04 5.427587361839901803e+01
2.364621764302461031e+02 1.826185425604874178e-03 5.387242220769071110e+01
2.366644763074371269e+02 4.226542688081149366e-04 5.411359032839439465e+01
2.365182060319941399e+02 2.472128742085200992e-04 5.396326895165792337e+01
2.365799933013285568e+02 1.834160034450310107e-04 5.396738384982216274e+01
2.365560136525303392e+02 1.594921769087226208e-03 5.387558812740235226e+01
2.365943635464680597e+02 2.113271344040575008e-03 5.390294901035104402e+01
2.365071213256989608e+02 2.496052568621509159e-03 5.378905564682052187e+01
2.364247914639786927e+02 2.105296735195138699e-03 5.372428587377789455e+01
2.357990478317038594e+02 3.221741973556197219e-03 5.307087034880939314e+01
2.358993046141086722e+02 3.189843538174452417e-03 5.318721989186430221e+01
2.359018724381569143e+02 2.017576037895341037e-03 5.324511555208216862e+01
2.360418826456562442e+02 1.499226462941992671e-03 5.331908004912359189e+01
2.359642737523724350e+02 3.030351361265729709e-03 5.323950940206383109e+01
2.362430022807381249e+02 6.028804287149715051e-03 5.353456992934496839e+01
2.363670552959377460e+02 4.386034864989871856e-03 5.357831863347102797e+01
2.363330435892119397e+02 1.475302636405684395e-03 5.349363626214134371e+01
2.362131054721765793e+02 9.433962264150943036e-03 5.337106652418698616e+01
2.367291583597824456e+02 7.783218233145663967e-03 5.392064466737906514e+01
2.368062489034912801e+02 1.039888993444871602e-02 5.406736949552624338e+01
2.370546420198089379e+02 1.396354008835866585e-02 5.433113765769788728e+01
2.377141421713265004e+02 3.928292317261838223e-02 5.486858642083605986e+01
2.374218647825324240e+02 1.792692068454042331e-02 5.458937144133080466e+01
2.375579594570886286e+02 1.881210226638383234e-02 5.481031595400245493e+01
2.371567329622482134e+02 2.007209046396274399e-02 5.459363785706310779e+01
2.367682179939073990e+02 1.000015949217690839e-02 5.416194835643311478e+01
2.370079825834542930e+02 1.236064371042600377e-02 5.432045168184500739e+01
2.370505909185154394e+02 1.345316512225075423e-02 5.447663439608287206e+01
2.371176254804701955e+02 9.290419304933093814e-03 5.444411394121118519e+01
2.373036172825722758e+02 2.751240051675465231e-02 5.467203623662259560e+01
2.376942455222571198e+02 1.623630360930796226e-02 5.490203990494266151e+01
2.379853027958978657e+02 1.239254214580774727e-02 5.519296161023302005e+01
2.381695003110097559e+02 1.231279605735338678e-02 5.528899184994975968e+01
2.377262396529450257e+02 1.916298505558302473e-02 5.490385014115057771e+01
2.379742818864734772e+02 2.750442590790921557e-02 5.514841544522241179e+01
2.378637777317022710e+02 2.070208456275219808e-02 5.498011132553948244e+01
2.381151214532927156e+02 5.470581667969186442e-03 5.527317820060925868e+01
2.380251997639515764e+02 1.045471219636676802e-02 5.517169332844223817e+01
2.383474457327868095e+02 7.878913539290897938e-03 5.545035805993715883e+01
2.382609371760315184e+02 7.799167450836536584e-03 5.525639962359846180e+01
2.385010925214118345e+02 1.178647187355460167e-02 5.553092553310260371e+01
2.385189795690521350e+02 1.079762037672052193e-02 5.566615894990350455e+01
2.388489449592497351e+02 2.746455286368203533e-02 5.595452080575447695e+01
2.388791687267739405e+02 1.204165935660855835e-02 5.590156940302077970e+01
2.389873203719357662e+02 2.371648670632705430e-02 5.612624603263209622e+01
2.386787747810969904e+02 1.836552417103940946e-02 5.585160847860412758e+01
2.387954512831145735e+02 1.716933284422399175e-02 5.585102633215840484e+01
2.387745019856776025e+02 2.925883985390516709e-02 5.595285411250578278e+01
2.383986427215745039e+02 1.594124308202682708e-02 5.573007543979967693e+01
2.381196191326815494e+02 2.267181294757492083e-02 5.538382589833968694e+01
2.378915453197020611e+02 7.025630392829231539e-03 5.520637490231104039e+01
2.379283561141326118e+02 1.087736646517488241e-02 5.523385540439241481e+01
2.379003253640408957e+02 4.744892263034498382e-03 5.515040112282492402e+01
2.379038581157594194e+02 1.948196940940047014e-02 5.507169970812931581e+01
2.383595671382318812e+02 6.459433164803266188e-03 5.543306910796025733e+01
2.383126046667410947e+02 9.681175138359462973e-03 5.542872294613949435e+01
2.384488428842565213e+02 6.818290562847892713e-03 5.558488971115966848e+01
2.381956331041962471e+02 1.381202252029537988e-02 5.536794845212842375e+01
2.381911115009808668e+02 8.237770937335523597e-03 5.531687108247340490e+01
2.379608526451777664e+02 5.486530885660058192e-03 5.505913969919775752e+01
2.378605320659021629e+02 3.955405987336321587e-03 5.500545463245028088e+01
2.375159252938643419e+02 1.913906122904671624e-03 5.458609387709532967e+01
2.377365109491379371e+02 1.244038979888036425e-03 5.477210162841512897e+01
2.376403531156796873e+02 1.929855340595543808e-03 5.461066364694811881e+01
2.376708958675577037e+02 1.866058469832054638e-03 5.458809550391553245e+01
2.378268951657921093e+02 1.945804558286415992e-03 5.474152697810172441e+01
2.374419288983875447e+02 1.191406561508158088e-02 5.447716869487551605e+01
2.376121309749756847e+02 2.083765291312461229e-02 5.463568796950509920e+01
2.377561683599419382e+02 1.737667267420532971e-02 5.469540981514856526e+01
2.372700202555064664e+02 1.809438747029458103e-02 5.431597792628271293e+01
2.372719740346736046e+02 1.898754366098343027e-02 5.437394535798019035e+01
2.371804095759102893e+02 1.646756726582561045e-02 5.430968595990366765e+01
2.369341297309366894e+02 6.937909695529434310e-03 5.402907542385045758e+01
2.365073366401377939e+02 8.955485733424774913e-03 5.373636740617872931e+01
2.363712738640169562e+02 3.309462670855994448e-03 5.371111979457407415e+01
2.360750729676709341e+02 2.838960748975262634e-03 5.353728129635241118e+01
2.359429177498843728e+02 4.465780953444233752e-04 5.330841002248839544e+01
2.359547201709756052e+02 4.513628606516850196e-03 5.314960366194038244e+01
2.360338123415046425e+02 2.408331871321711497e-03 5.314765785738209303e+01
2.359256367725162988e+02 3.221741973556197219e-03 5.306072664635799896e+01
2.361196829295523116e+02 1.778337772532257192e-03 5.333707076667889169e+01
2.358845276639180781e+02 5.382860970669388345e-03 5.291138614650951411e+01
2.358644475988452882e+02 1.602896377932662300e-03 5.289839550870029683e+01
2.362319095998341254e+02 5.669946889105089392e-03 5.326643168152602215e+01
2.359841624268329667e+02 3.157945102792708049e-03 5.301354088581955182e+01
2.362075232459847882e+02 8.780044338825180456e-03 5.330500486451139608e+01
2.366715258616564768e+02 1.193001483277245263e-02 5.383160815961976908e+01
2.367088789294885203e+02 1.124419847206494481e-02 5.386089092330021089e+01
2.369076380803521715e+02 1.154723360819151848e-02 5.400314997049395060e+01
2.368739214341536581e+02 1.724110432383291550e-02 5.395193703248855854e+01
2.369430772420612641e+02 1.460150879599355668e-02 5.403114882215027137e+01
2.366865659739389685e+02 9.864591141804494173e-03 5.372261918052919327e+01
2.366119395843633981e+02 9.665225920668591222e-03 5.365148566962790255e+01
2.362944145839646524e+02 1.302253624459720309e-02 5.348713695593231421e+01
2.363401968133462958e+02 8.788018947670617198e-03 5.349952152346927647e+01
2.362420054546324479e+02 7.647649882773249752e-03 5.334885723855244777e+01
2.360687251790299683e+02 7.559929185473452523e-03 5.307347007129300209e+01
2.359242890636214156e+02 9.075104866106317378e-03 5.285309175584937691e+01
2.357011993811703405e+02 3.963380596181757462e-03 5.270324088103478744e+01
2.354114419687714417e+02 3.955405987336321587e-03 5.250594108358985324e+01
2.353859949919456369e+02 1.315810459496961687e-03 5.241967973970876926e+01
2.351441011818370441e+02 1.252013588733472517e-03 5.218751495239158800e+01
2.354551428252444225e+02 5.055902008006507055e-03 5.262906904416338705e+01
2.354090097130735728e+02 8.772069729979744580e-04 5.252435445541396319e+01
2.353722148678607198e+02 2.272763520949297282e-03 5.239245442511045070e+01
2.353273975661493864e+02 8.748145903443436955e-03 5.226214931657602136e+01
2.352968867127067369e+02 2.416306480167147806e-03 5.231261264134994349e+01
2.352669978787540401e+02 1.228089762197164241e-03 5.236189572401473669e+01
2.351261423627171041e+02 1.555048724860045532e-03 5.225662291264613657e+01
2.349476945405827735e+02 8.971434951115648399e-03 5.206346991180082284e+01
2.350998979250067862e+02 1.131596995167387029e-02 5.229785961498588165e+01
2.352022121564937152e+02 3.700218504282364908e-03 5.217615113478684208e+01
2.352063828769198892e+02 5.965007416386226315e-03 5.220572895899456256e+01
2.351195074881576943e+02 7.695497535845866738e-03 5.206588621828099406e+01
2.355907350994433784e+02 6.618925341711988895e-03 5.251456163575176816e+01
2.355751128407151498e+02 6.602976124021117145e-03 5.255243305315874380e+01
2.357066061659675711e+02 1.414695609180369705e-02 5.260347852437838156e+01
2.357386002966554486e+02 1.363658112569578543e-02 5.265751447391505735e+01
2.357088709548796714e+02 4.832612960334295611e-03 5.259791224740426685e+01
2.354727268377486098e+02 5.996905851767970683e-03 5.243926537903315932e+01
2.353125249206526348e+02 8.118151804653981132e-03 5.228373658272061419e+01
2.348878769996331641e+02 3.987304422718065955e-03 5.185586691972758899e+01
2.344997288632992536e+02 5.606150018341600656e-03 5.151449783888100598e+01
2.339668096779852817e+02 7.567903794318888398e-03 5.099751192204022487e+01
2.338655401202570943e+02 5.598175409496163914e-03 5.089737475876808048e+01
2.338923427805866027e+02 4.896409831097784347e-03 5.089529338585942497e+01
2.337253863697985707e+02 3.875659898881959799e-03 5.079687076348905350e+01
2.337645576484473509e+02 2.639595527839359683e-03 5.078844957654826686e+01
2.339733249334120160e+02 2.456179524394328482e-03 5.098021499545447455e+01
2.338234262109443478e+02 3.325411888546866632e-03 5.082888084339462864e+01
2.343781160784063502e+02 2.862884575511571127e-03 5.134162426832963888e+01
2.345548174612035268e+02 5.414759406051133581e-03 5.152358889296480271e+01
2.348722706901226616e+02 8.293593199253576891e-04 5.194393052520774035e+01
2.349174627984497477e+02 4.521603215362286071e-03 5.212545654635640346e+01
2.351308075088916780e+02 2.815036922438954575e-03 5.228765211566372528e+01
2.350532145648255948e+02 1.435429592178503718e-03 5.229656772835292600e+01
2.351838785307580793e+02 3.357310323928611433e-03 5.230635257340627220e+01
2.350247531858562411e+02 7.735370580073047848e-03 5.214062425238041953e+01
2.351055758465047347e+02 4.003253640408937705e-03 5.212806424344886125e+01
2.352590073206909267e+02 4.338187211917255738e-03 5.231396832485366843e+01
2.353508349415461112e+02 6.571077688639371910e-03 5.234775674253177868e+01
2.351914384599435266e+02 6.682722212475478499e-03 5.218949265538525140e+01
2.349349830140831727e+02 2.543900221694125711e-03 5.199909886920046631e+01
2.349015375045854057e+02 8.532831464616660736e-04 5.190445621142283272e+01
2.340827525159890854e+02 1.601301456163575082e-02 5.103538333944720051e+01
2.333721989186430505e+02 4.960206701861273951e-03 5.036604252061436426e+01
2.332056492129061098e+02 7.974608845436131042e-04 5.026025933427965242e+01
2.326054642019808796e+02 0.000000000000000000e+00 4.975380787572369456e+01
2.326822118375093567e+02 1.435429592178503609e-04 4.979750873219668250e+01
2.325862932423164580e+02 2.870859184357007219e-04 4.975259573517919165e+01
2.324884607410006652e+02 2.232890476722116876e-04 4.964755418746710802e+01
2.326061579929504433e+02 1.108470629515622211e-03 4.971317724365619739e+01
2.326024657490549998e+02 1.834160034450310270e-03 4.985446338857079240e+01
2.324444648240003914e+02 1.754413945995948916e-04 4.973016316049697849e+01
2.326282237356257667e+02 8.772069729979744580e-05 4.994148232029218804e+01
2.326810076715736955e+02 1.594921769087226263e-04 4.992973572146286187e+01
2.326187499003173969e+02 6.060702722531460286e-04 4.988497424201342767e+01
2.325748417040144318e+02 9.410038437614635194e-04 4.981755689883411264e+01
2.328942327628829787e+02 3.572624762755387002e-03 5.016611907685928173e+01
2.329302460964289594e+02 1.084546802979313935e-03 5.018114323992408288e+01
2.331355763249812583e+02 3.285538844319685955e-03 5.032376114451586346e+01
2.331543964018565021e+02 5.765642195250323364e-03 5.027307453069426657e+01
2.336463978691845114e+02 3.995279031563501830e-03 5.070639882613757976e+01
2.336711191566053571e+02 5.223368793760665638e-03 5.065516993891449715e+01
2.337429065854319958e+02 6.666772994784605881e-03 5.072769103175489391e+01
2.337904910764127067e+02 1.267165345539801244e-02 5.067664556053525615e+01
2.338038086731845908e+02 4.441857126907925585e-03 5.076862469895851859e+01
2.336111421234788565e+02 2.208966650185808546e-03 5.055761654890827828e+01
2.335007177147960817e+02 5.191470358378921270e-03 5.045523054594172407e+01
2.329316576021946048e+02 2.017576037895341037e-03 4.997299797444935621e+01
2.324998724062584756e+02 1.196191326815419765e-04 4.969751511188376014e+01
2.315094259876553053e+02 2.551874830539561912e-04 4.877667107928355961e+01
2.317199476865659733e+02 0.000000000000000000e+00 4.893567680505271511e+01
2.316929456610153295e+02 2.312636565176478067e-04 4.886534075503596597e+01
2.319710362206733691e+02 0.000000000000000000e+00 4.911649308601413111e+01
2.322088231072265785e+02 2.958579881656804664e-03 4.939495047767906755e+01
2.324042249477663233e+02 5.821464457168375357e-04 4.957092617107130650e+01
2.322390229509242658e+02 2.472128742085200992e-04 4.940610695545383635e+01
2.324203256830252542e+02 7.894862756981770122e-04 4.955787173639132703e+01
2.323483947112394219e+02 6.140448810985821206e-04 4.944415381425540801e+01
2.322262795259892414e+02 2.950605272811368681e-04 4.947569339223910845e+01
2.317691908961865295e+02 4.027177466945246198e-03 4.905047129938276385e+01
2.316148662658096669e+02 1.196191326815419765e-04 4.879049905102154838e+01
2.319999282285203890e+02 1.690617075232459746e-03 4.893581237340308121e+01
2.320751925868036096e+02 5.789566021786630989e-03 4.898444153814255486e+01
2.320365875053828688e+02 7.217021005119698615e-03 4.889385795626724729e+01
2.330642434488588322e+02 5.135648096460868409e-03 4.986666454010430982e+01
2.330874336113813570e+02 5.518429321041802560e-03 4.985411250578159326e+01
2.330316432478986997e+02 4.896409831097784347e-03 4.983377725322572616e+01
2.328463452367661262e+02 3.429081803537536478e-03 4.970147849247994287e+01
2.328067911768927729e+02 1.339734286033269963e-03 4.974900716119874033e+01
2.325946586069953241e+02 1.993652211359032761e-04 4.952331775626405630e+01
2.324226303449815703e+02 1.515175680632865072e-04 4.952180258058342588e+01
2.316714062425238012e+02 2.791113095902645756e-04 4.874635161645321091e+01
2.318106269637474384e+02 5.103749661079123824e-04 4.905900413084738432e+01
2.318527727714955518e+02 2.392382653630839462e-05 4.910269701271152343e+01
2.318699022312955549e+02 0.000000000000000000e+00 4.911175616835993907e+01
2.318144069283401620e+02 3.588573980446259294e-04 4.898399496004721243e+01
2.315600488046061400e+02 4.067050511172426983e-04 4.870858386896122738e+01
2.316319718017831235e+02 2.472128742085200992e-04 4.876535510933188533e+01
2.317338554043924148e+02 2.711367007448284836e-04 4.883270865564043817e+01
2.311070351999234447e+02 1.275937415269780956e-04 4.849413866249860661e+01
2.312486004561476136e+02 7.974608845436131313e-05 4.866284948723264847e+01
2.313399735242986424e+02 4.784765307261678924e-05 4.876798673025088249e+01
2.310399368410979548e+02 1.499226462941992671e-03 4.845653040718352855e+01
2.313059378937463180e+02 1.578972551396354024e-03 4.866166924512352665e+01
2.317986251774350421e+02 2.942630663965932480e-03 4.911126174261152499e+01
2.319700792676119363e+02 4.282364949999202877e-03 4.914941227132808876e+01
2.321235904878865597e+02 1.618845595623534701e-03 4.935994194484760555e+01
2.320528317836010217e+02 8.054354933890493047e-04 4.922417422925405361e+01
2.326920684540423281e+02 6.379687076348904780e-05 4.983564331169556283e+01
2.325339160114196488e+02 4.545527041898594672e-04 4.972093653806280855e+01
2.325377198998389190e+02 9.091054083797189345e-04 4.974212507376513059e+01
2.321839981498907548e+02 1.754413945995948916e-04 4.946368363131788470e+01
2.320126636788465646e+02 0.000000000000000000e+00 4.936451937032488502e+01
2.313945916202810338e+02 0.000000000000000000e+00 4.883616166127051628e+01
2.305765562449161905e+02 0.000000000000000000e+00 4.827714158120544141e+01
2.304369607170768290e+02 0.000000000000000000e+00 4.819314502623646490e+01
2.309009872565750641e+02 0.000000000000000000e+00 4.854476147944943420e+01
2.307175792277388666e+02 0.000000000000000000e+00 4.824591301296671730e+01
2.310084371361584772e+02 0.000000000000000000e+00 4.849935405668352217e+01
2.312310722659053681e+02 2.137195170576883067e-03 4.863855882868945457e+01
2.310256702658734582e+02 0.000000000000000000e+00 4.826419081644045406e+01
2.313730362525718078e+02 9.808768879886440879e-04 4.874873602449800103e+01
2.315522735609818312e+02 0.000000000000000000e+00 4.888151326177450784e+01
2.311377454185872296e+02 2.631620918993923374e-04 4.852409926793090733e+01
2.317415190034928685e+02 8.772069729979744580e-04 4.911670840045295705e+01
2.317825244421761113e+02 1.993652211359032761e-04 4.908272061755371141e+01
2.318337772532257191e+02 3.038325970111166018e-03 4.911620600009569415e+01
2.319434919217212325e+02 7.815116668527409202e-04 4.922464473117593542e+01
2.322508413212331959e+02 0.000000000000000000e+00 4.940640999058996385e+01
2.323545511092681011e+02 6.858163607075072740e-04 4.953120464441219184e+01
2.324718336815579107e+02 1.634794813314406885e-03 4.966013014561635686e+01
2.322848689771766715e+02 3.253640408937941587e-03 4.942180896027049641e+01
2.324691621875946907e+02 9.649276702977719038e-04 4.963377406338219089e+01
2.323303561460310505e+02 1.036699149906697111e-04 4.948428204596564228e+01
2.322939839550870147e+02 1.036699149906697111e-04 4.938770155823856811e+01
2.321703216957208156e+02 9.569530614523357847e-05 4.941638622625560373e+01
2.320877924687794120e+02 3.827812245809343139e-04 4.924133558748943074e+01
2.318485861018517085e+02 0.000000000000000000e+00 4.894586038054833210e+01
2.312819263465127051e+02 0.000000000000000000e+00 4.853397980829040392e+01
2.308992567664556077e+02 4.864511395716039979e-04 4.821026651142761210e+01
2.311386943970398136e+02 1.275937415269780956e-04 4.858609387709532967e+01
2.310547536643327646e+02 3.508827891991897832e-04 4.853000845308537947e+01
2.309836440772580204e+02 1.275937415269780956e-04 4.849535877765195835e+01
2.306582162394934414e+02 1.196191326815419765e-04 4.822403068629483869e+01
2.302155297532655993e+02 3.987304422718065521e-04 4.766358315124642786e+01
2.304096237579546766e+02 4.784765307261678924e-05 4.772102425876011011e+01
2.305212922056173284e+02 1.435429592178503609e-04 4.789400947383531104e+01
2.304210114993859690e+02 4.784765307261678924e-05 4.799609244166573774e+01
2.308097976044275015e+02 7.974608845436130975e-06 4.828178280355348306e+01
2.309231885676007607e+02 0.000000000000000000e+00 4.840270179747683699e+01
2.310782867350356469e+02 1.435429592178503609e-04 4.857584650472894339e+01
2.311059506531204590e+02 9.729022791432079958e-04 4.843729565064833764e+01
2.312429225346496651e+02 1.020749932215824765e-03 4.840488684030048461e+01
2.312071484393690355e+02 3.221741973556197219e-03 4.834370564123829439e+01
2.312359527265187751e+02 1.467328027560248086e-03 4.832900046252731130e+01
2.308880923140719972e+02 1.355683503724142364e-03 4.801136381760474592e+01
2.307679548318155014e+02 4.784765307261679059e-04 4.805767237117019164e+01
2.305984545208057455e+02 1.913906122904671569e-04 4.790450405907590437e+01
2.305038118630281190e+02 7.496132314709963353e-04 4.784104212188392324e+01
2.300573055391633090e+02 1.291886632960653194e-03 4.753547106014450208e+01
2.298464808051164994e+02 3.349335715083174908e-04 4.736526898355635495e+01
2.295706071867174956e+02 3.110097449720091063e-04 4.724697363594315647e+01
2.284916266607122850e+02 0.000000000000000000e+00 4.623155074243608453e+01
2.283420788210338230e+02 0.000000000000000000e+00 4.622594459241773990e+01
2.286654492097162574e+02 0.000000000000000000e+00 4.632585049203336780e+01
2.288686023700537362e+02 0.000000000000000000e+00 4.660745785419225484e+01
2.289887956745721738e+02 0.000000000000000000e+00 4.663986666454010077e+01
2.289332126509194723e+02 0.000000000000000000e+00 4.666532161597473305e+01
2.293982439911322331e+02 0.000000000000000000e+00 4.711076731686311092e+01
2.293993125887175211e+02 0.000000000000000000e+00 4.707382892869105007e+01
2.295567074434999029e+02 0.000000000000000000e+00 4.720993157785610350e+01
2.293122059362988239e+02 5.661972280259653517e-04 4.686338697586883484e+01
2.298495191310866232e+02 0.000000000000000000e+00 4.716487503787939062e+01
2.298611939584363313e+02 0.000000000000000000e+00 4.731112936410469416e+01
2.300575208536021421e+02 0.000000000000000000e+00 4.764618255474569253e+01
2.299995294980781182e+02 1.443404201023939810e-03 4.765627840954401506e+01
2.302657937128183789e+02 1.267962806424344918e-03 4.779069044163383495e+01
2.302786886553214458e+02 3.748066157354981677e-04 4.789707969824080180e+01
2.302661844686518009e+02 1.594921769087226195e-05 4.783385699931418600e+01
2.301949632370532299e+02 1.913906122904671569e-04 4.785282859375747933e+01
2.304301982487758949e+02 5.422734014896569673e-04 4.793353163527329031e+01
2.302648606835834642e+02 1.913906122904671569e-04 4.777752436243002165e+01
2.303971993173734916e+02 1.116445238361058438e-04 4.780142426513979359e+01
2.301894926553852656e+02 8.054354933890493047e-04 4.751551858881321522e+01
2.299958213049650055e+02 0.000000000000000000e+00 4.730132059522480148e+01
2.300033014880620215e+02 0.000000000000000000e+00 4.746121150257580013e+01
2.296306559913236356e+02 0.000000000000000000e+00 4.727454983333067418e+01
2.291426976506802475e+02 0.000000000000000000e+00 4.679260434775674327e+01
2.295384216654173031e+02 3.110097449720091063e-04 4.725239636995805625e+01
2.297129858530439037e+02 5.901210545622737362e-04 4.741034147275075838e+01
2.297466945246335683e+02 0.000000000000000000e+00 4.748532671972439800e+01
2.295940684859407668e+02 0.000000000000000000e+00 4.728729325826568441e+01
2.299163144547759998e+02 0.000000000000000000e+00 4.754518413371824437e+01
2.299967623088087407e+02 0.000000000000000000e+00 4.758473819359160473e+01
2.301265012201151592e+02 0.000000000000000000e+00 4.756835037241422981e+01
2.300554315060846307e+02 2.232890476722116876e-04 4.749104451426657647e+01
2.303512097481618639e+02 3.189843538174452390e-05 4.778059458683551242e+01
2.302681621716454856e+02 3.189843538174452390e-05 4.771694125903124473e+01
2.303861385349048589e+02 0.000000000000000000e+00 4.774828147179380977e+01
2.304716024179014084e+02 3.588573980446259186e-03 4.787680824255570400e+01
2.308973348857238648e+02 1.028724541061260857e-03 4.829150385173607418e+01
2.308894400229668804e+02 1.092521411824750027e-03 4.821807365348729491e+01
2.310996267883060398e+02 0.000000000000000000e+00 4.845283816328809223e+01
2.309936362621413366e+02 1.180242109124547472e-03 4.837405700250402418e+01
2.312789757412398899e+02 9.569530614523357847e-05 4.855647617984337927e+01
2.312948452128423185e+02 0.000000000000000000e+00 4.864899759166812743e+01
2.313926537903315932e+02 5.980956634077098282e-04 4.878390404950636849e+01
2.310213879009234574e+02 0.000000000000000000e+00 4.839303657155616634e+01
2.311335826727699043e+02 1.236064371042600333e-03 4.842167339192012321e+01
2.311419958851018350e+02 5.263241837987846748e-04 4.840855516036938155e+01
2.308019505893235817e+02 0.000000000000000000e+00 4.803460182778034948e+01
2.303195186526100997e+02 2.392382653630839530e-04 4.759784047592465583e+01
2.296152330978165423e+02 1.116445238361058438e-04 4.704319048150688332e+01
2.283535144101181800e+02 0.000000000000000000e+00 4.598482431936713510e+01
2.285467950047050181e+02 0.000000000000000000e+00 4.617587202347724684e+01
2.289696645879519679e+02 0.000000000000000000e+00 4.648724062584729921e+01
2.300395859583087486e+02 0.000000000000000000e+00 4.729093765450804909e+01
2.306170194101979405e+02 3.189843538174452390e-05 4.779631254086987013e+01
2.306955852565431542e+02 0.000000000000000000e+00 4.789119443691286904e+01
2.316738703966570370e+02 0.000000000000000000e+00 4.898736821958883070e+01
2.317834813952375725e+02 0.000000000000000000e+00 4.926352094929743686e+01
2.320135089873841707e+02 4.784765307261678924e-05 4.938155313481873776e+01
2.320776487663280250e+02 4.465780953444233752e-04 4.938231072265905652e+01
2.322154021595240749e+02 2.791113095902645756e-04 4.946014290499051214e+01
2.324222236399304506e+02 0.000000000000000000e+00 4.956423547424999043e+01
2.323734270084052298e+02 3.189843538174452390e-05 4.964694014258600419e+01
2.324146397869184568e+02 4.465780953444233752e-04 4.968095982392063803e+01
2.321949472878355323e+02 2.392382653630839530e-04 4.945137880986937517e+01
2.323506834239780403e+02 7.974608845436130975e-06 4.952714556850986583e+01
2.322734254134834657e+02 1.435429592178503609e-04 4.942751080559498433e+01
2.322184006124499547e+02 1.020749932215824765e-03 4.936347469656613640e+01
2.322127625639962218e+02 9.170800172251551349e-04 4.933517280977368102e+01
2.322677953396385817e+02 3.987304422718065657e-05 4.939655337405699953e+01
2.322111038453563765e+02 2.551874830539561912e-04 4.935203113287293064e+01
2.322337118614331928e+02 5.821464457168375357e-04 4.917111118199652253e+01
2.321724987639356357e+02 1.754413945995948916e-04 4.908327884017288767e+01
2.322018293752691420e+02 1.283912024115217102e-03 4.916208392478348799e+01
2.321955932311520030e+02 0.000000000000000000e+00 4.925761973875181354e+01
2.321856409193129025e+02 2.392382653630839462e-05 4.931068278600934462e+01
2.318886345874734900e+02 5.582226191805292190e-05 4.902332573087289802e+01
2.314950158694716151e+02 2.392382653630839462e-05 4.869680537169652013e+01
2.312225952567026468e+02 0.000000000000000000e+00 4.833203878849742097e+01
2.309048150688208807e+02 1.244038979888036425e-03 4.807220210848657871e+01
2.309683567521013003e+02 1.674667857541587454e-04 4.815926888786105309e+01
2.309972407853394714e+02 4.378060256144435981e-03 4.829869694891465315e+01
2.310056141246271864e+02 8.692323641525383660e-04 4.818483548381951920e+01
2.307627394376305858e+02 1.419480374487631317e-03 4.797633136094674455e+01
2.306788625017942991e+02 2.312636565176478067e-04 4.778659946729612784e+01
2.309568653407550300e+02 1.682642466387023654e-03 4.805716997081292874e+01
2.311173224453340538e+02 2.551874830539561912e-04 4.827553868482750943e+01
2.312564873442957492e+02 2.232890476722116876e-04 4.846428970159013971e+01
2.309990749453739340e+02 3.508827891991897832e-04 4.812196366768210254e+01
2.315512049633965432e+02 3.062249796647474511e-03 4.863664492256654626e+01
2.315635177594539016e+02 3.349335715083174908e-04 4.854768018628686121e+01
2.312619977990079576e+02 4.282364949999202877e-03 4.823764334359399442e+01
2.315672020287404962e+02 9.170800172251551349e-04 4.854187467104738829e+01
2.316931450262364649e+02 3.317437279701430757e-03 4.866839184038023092e+01
2.315564841544522210e+02 1.403531156796759133e-03 4.859536834718257126e+01
2.314648080511650790e+02 1.435429592178503718e-03 4.849316576021946190e+01
2.313161693168950137e+02 5.518429321041802560e-03 4.838980685497376300e+01
2.313472782660010409e+02 2.974529099347676848e-03 4.836255761654890506e+01
2.313678288329957411e+02 2.073398299813394223e-04 4.829545128311456637e+01
2.313943284581891362e+02 2.137195170576883067e-03 4.843302126030717858e+01
2.313195744748720131e+02 2.264788912103861407e-03 4.827121644683328583e+01
2.316505765642195342e+02 3.492878674301025648e-03 4.872289031722993968e+01
2.318243831640058090e+02 1.180242109124547472e-03 4.886157673966091863e+01
2.320603358905245557e+02 5.574251582959855421e-03 4.909306368522624098e+01
2.323040877844941576e+02 5.685896106795962010e-03 4.935563565607107250e+01
2.332326512384567536e+02 5.653997671414216775e-03 5.014076779533964157e+01
2.335360930796344405e+02 8.756120512288871963e-03 5.047945740761415578e+01
2.340532863363052059e+02 1.373227643184101766e-02 5.100338123415046709e+01
2.342743983157626246e+02 1.753616485111405415e-02 5.106627697411442313e+01
2.348597027065822545e+02 1.035104228137609904e-02 5.165642992711207171e+01
2.348395987176828896e+02 1.070192507057528795e-02 5.157752914719532811e+01
2.347477471730011587e+02 8.445110767316863290e-03 5.147925006778417867e+01
2.344522161437981538e+02 1.821400660297612523e-02 5.136869009075105197e+01
2.344879902390787834e+02 1.368442877876840068e-02 5.148279876872039296e+01
2.343717044928946223e+02 1.220115153351728106e-02 5.138117035359415752e+01
2.343710505749693027e+02 6.650823777093733263e-03 5.134571524266734599e+01
2.339358442718384765e+02 7.097401872438157018e-03 5.086383355396417727e+01
2.336290291711191571e+02 2.081372908658830206e-03 5.050377996459273788e+01
2.334517775403116389e+02 1.084546802979313935e-03 5.029314662115822898e+01
2.326802022360803335e+02 3.333386497392302941e-03 4.935471060144499944e+01
